gameid,datacompleteness,url,league,year,split,playoffs,date,game,patch,participantid,side,position,playername,playerid,teamname,teamid,champion,ban1,ban2,ban3,ban4,ban5,gamelength,result,kills,deaths,assists,teamkills,teamdeaths,doublekills,triplekills,quadrakills,pentakills,firstblood,firstbloodkill,firstbloodassist,firstbloodvictim,team kpm,ckpm,firstdragon,dragons,opp_dragons,elementaldrakes,opp_elementaldrakes,infernals,mountains,clouds,oceans,chemtechs,hextechs,dragons (type unknown),elders,opp_elders,firstherald,heralds,opp_heralds,firstbaron,barons,opp_barons,firsttower,towers,opp_towers,firstmidtower,firsttothreetowers,turretplates,opp_turretplates,inhibitors,opp_inhibitors,damagetochampions,dpm,damageshare,damagetakenperminute,damagemitigatedperminute,wardsplaced,wpm,wardskilled,wcpm,controlwardsbought,visionscore,vspm,totalgold,earnedgold,earned gpm,earnedgoldshare,goldspent,gspd,total cs,minionkills,monsterkills,monsterkillsownjungle,monsterkillsenemyjungle,cspm,goldat10,xpat10,csat10,opp_goldat10,opp_xpat10,opp_csat10,golddiffat10,xpdiffat10,csdiffat10,killsat10,assistsat10,deathsat10,opp_killsat10,opp_assistsat10,opp_deathsat10,goldat15,xpat15,csat15,opp_goldat15,opp_xpat15,opp_csat15,golddiffat15,xpdiffat15,csdiffat15,killsat15,assistsat15,deathsat15,opp_killsat15,opp_assistsat15,opp_deathsat15
ESPORTSTMNT01_2690705,complete,,LCK,2022,Spring,0,12/01/2022 10:07,1,12.01,100,Blue,team,,,T1,oe:team:ce499dea30cfce118f4fe85da0227e8,,Lee Sin,Ryze,Viktor,LeBlanc,Graves,2233,1,12,7,26,12,7,1,1,0,0,1,,,,0.3224,0.5105,1,5,0,4,0,1,0,0,2,0,1,,1,0,1,2,0,1,1,0,0,7,2,1,1,2,1,1,0,74327,1997.1429,,2789.7179,2453.1214,122,3.2781,83,2.2302,50,332,8.9207,66455,42304,1136.695,,59950,0.0386823,,970,236,,,32.4048,15662,18130,324,15510,19078,337,152,-948,-13,1,1,1,1,1,1,24357,29835,518,23048,30005,533,1309,-170,-15,3,2,1,1,1,3
ESPORTSTMNT01_2690725,complete,,LCK,2022,Spring,0,12/01/2022 11:49,2,12.01,200,Red,team,,,T1,oe:team:ce499dea30cfce118f4fe85da0227e8,,Renekton,Ryze,Lux,LeBlanc,Jayce,1506,1,18,4,31,18,4,4,1,0,0,1,,,,0.7171,0.8765,1,3,0,3,0,1,0,1,0,0,1,,0,0,0,1,1,1,1,0,1,10,2,1,1,8,9,1,0,63088,2513.4661,,2445.4183,1641.753,103,4.1036,34,1.3546,35,202,8.0478,51002,34268,1365.259,,45725,0.205607,,605,164,,,30.6375,18490,19259,300,15473,16909,293,3017,2350,7,5,6,0,0,0,5,26660,29386,480,24962,28863,475,1698,523,5,6,8,3,3,6,6
ESPORTSTMNT01_2691518,complete,,LCK,2022,Spring,0,14/01/2022 9:32,1,12.01,200,Red,team,,,T1,oe:team:ce499dea30cfce118f4fe85da0227e8,,Renekton,Lee Sin,Karma,Gragas,LeBlanc,2568,0,11,17,21,11,17,1,1,0,0,1,,,,0.257,0.6542,0,1,4,1,4,0,0,0,0,0,1,,0,0,0,0,2,0,1,1,1,5,8,1,1,9,6,0,1,69963,1634.6495,,2292.1028,1907.6402,188,4.3925,64,1.4953,64,340,7.9439,74244,46671,1090.4439,,70725,0.00923295,,1076,314,,,32.4766,16762,18761,342,15179,17884,308,1583,877,34,2,2,2,2,5,2,25923,29217,535,24812,29071,496,1111,146,39,3,3,4,4,10,3
ESPORTSTMNT01_2691546,complete,,LCK,2022,Spring,0,14/01/2022 11:51,2,12.01,100,Blue,team,,,T1,oe:team:ce499dea30cfce118f4fe85da0227e8,,Lee Sin,LeBlanc,Twisted Fate,Leona,Yuumi,2756,1,21,13,53,21,13,2,1,0,0,1,,,,0.4572,0.7402,0,5,3,4,3,0,3,0,0,0,1,,1,0,1,2,0,0,1,2,1,10,8,1,1,7,1,1,1,111702,2431.8287,,2416.7852,3389.4993,159,3.4615,81,1.7634,64,387,8.4253,86941,57456,1250.8563,,79600,-0.0255488,,1169,274,,,31.4151,17279,18254,337,15257,18057,318,2022,197,19,1,2,2,2,3,1,25165,28084,528,23487,29505,528,1678,-1421,0,2,4,3,3,5,2
ESPORTSTMNT01_2691557,complete,,LCK,2022,Spring,0,14/01/2022 13:00,3,12.01,200,Red,team,,,T1,oe:team:ce499dea30cfce118f4fe85da0227e8,,Lee Sin,Renekton,,Camille,LeBlanc,2487,1,18,4,41,18,4,3,0,0,0,1,,,,0.4343,0.5308,0,5,1,4,1,1,0,0,3,0,0,,1,0,1,2,0,1,2,0,1,11,2,1,1,6,1,5,0,73499,1773.1966,,2412.111,2215.1749,148,3.5706,96,2.316,61,405,9.7708,78702,51953,1253.3896,,68900,0.103014,,1063,271,,,32.1834,15654,18139,324,15427,18391,335,227,-252,-11,2,3,1,1,2,2,24301,29214,516,23277,29251,536,1024,-37,-20,3,5,1,1,2,3
ESPORTSTMNT01_2704285,complete,,LCK,2022,Spring,0,20/01/2022 6:11,1,12.01,200,Red,team,,,T1,oe:team:ce499dea30cfce118f4fe85da0227e8,,Renekton,Twisted Fate,Caitlyn,Gragas,Thresh,1676,1,19,9,47,19,9,2,1,0,0,1,,,,0.6802,1.0024,1,4,0,4,0,1,0,2,0,1,0,,0,0,0,0,2,1,1,0,1,7,1,0,1,1,5,1,0,45660,1634.6062,,2639.1408,2332.3747,120,4.2959,59,2.1122,45,260,9.3079,56513,38040,1361.8138,,48400,0.0778106,,793,219,,,36.2291,17210,18058,306,16886,18912,321,324,-854,-15,6,18,5,5,17,6,27849,31330,513,25652,30068,523,2197,1262,-10,10,25,6,6,19,10
ESPORTSTMNT01_2694425,complete,,LCK,2022,Spring,0,20/01/2022 8:35,2,12.01,100,Blue,team,,,T1,oe:team:ce499dea30cfce118f4fe85da0227e8,,Graves,Caitlyn,Renekton,Rakan,Leona,1723,1,14,8,30,14,8,1,0,0,0,1,,,,0.4875,0.7661,0,2,2,2,2,0,0,0,0,1,1,,0,0,1,2,0,1,1,0,1,9,1,1,1,7,2,1,0,49718,1731.3291,,2637.2142,2084.3297,93,3.2385,40,1.3929,40,223,7.7655,56180,37231,1296.4945,,49875,0.171192,,741,218,,,33.3952,15621,18574,343,15450,18257,341,171,317,2,1,2,1,1,2,1,25169,28919,534,23946,29427,518,1223,-508,16,3,5,4,4,10,3
ESPORTSTMNT01_2705912,complete,,LCK,2022,Spring,0,23/01/2022 5:38,1,12.01,200,Red,team,,,T1,oe:team:ce499dea30cfce118f4fe85da0227e8,,Renekton,Xin Zhao,Akali,Viego,Poppy,1944,1,19,12,42,19,12,2,0,0,0,0,,,,0.5864,0.9568,1,4,0,4,0,0,2,0,1,1,0,,0,0,1,2,0,1,1,0,1,9,2,1,1,10,1,1,0,95554,2949.1975,,2787.7778,2565.0309,112,3.4568,40,1.2346,41,253,7.8086,63409,42203,1302.5617,,59050,0.147566,,815,219,,,31.9136,16214,18624,325,15353,18591,294,861,33,31,1,1,3,3,1,1,27490,30098,512,24974,30660,478,2516,-562,34,5,15,7,7,12,5
ESPORTSTMNT01_2705943,complete,,LCK,2022,Spring,0,23/01/2022 8:40,2,12.01,200,Red,team,,,T1,oe:team:ce499dea30cfce118f4fe85da0227e8,,Renekton,Xin Zhao,Akali,Lee Sin,Graves,1510,1,10,2,29,10,2,0,0,0,0,0,,,,0.3974,0.4768,0,2,2,2,2,0,0,0,0,1,1,,0,0,1,1,1,0,0,0,1,7,2,1,1,5,4,1,0,40300,1601.3245,,2044.2517,1260.0397,77,3.0596,40,1.5894,32,167,6.6358,45382,28606,1136.6623,,37400,-0.0207713,,718,150,,,34.4901,15270,18896,347,15740,19295,348,-470,-399,-1,0,0,1,1,2,0,24352,30887,557,23720,29851,535,632,1036,22,1,2,1,1,2,1
ESPORTSTMNT02_2551187,complete,,LCK,2022,Spring,0,27/01/2022 10:41,1,12.02,100,Blue,team,,,T1,oe:team:ce499dea30cfce118f4fe85da0227e8,,Graves,Yuumi,Renekton,Gwen,Gnar,2813,1,5,7,10,5,7,0,0,0,0,1,,,,0.1066,0.256,0,5,3,4,3,0,0,4,0,0,0,,1,0,1,2,0,1,3,0,1,11,8,1,1,6,1,3,1,59640,1272.0938,,2680.1422,2555.3217,185,3.946,100,2.133,86,434,9.257,85071,55000,1173.1248,,77925,0.0543747,,1232,355,,,33.85,15821,19828,371,15367,19381,362,454,447,9,0,0,0,0,0,0,26074,30927,570,24022,30451,558,2052,476,12,2,4,2,2,5,2
ESPORTSTMNT02_2551235,complete,,LCK,2022,Spring,0,27/01/2022 12:31,2,12.02,200,Red,team,,,T1,oe:team:ce499dea30cfce118f4fe85da0227e8,,Corki,Renekton,Karma,Jayce,Xin Zhao,1837,0,5,19,13,5,19,0,0,0,0,0,,,,0.1633,0.7839,0,0,4,0,4,0,0,0,0,0,0,,0,0,1,1,1,1,1,0,0,5,10,0,1,6,2,0,3,49498,1616.7011,,2713.914,2051.5623,92,3.0049,38,1.2412,37,211,6.8917,52279,32164,1050.5389,,50555,-0.0603328,,812,158,,,31.6821,15586,18045,310,14766,18013,280,820,32,30,1,2,1,1,3,1,23283,28122,490,23329,29383,478,-46,-1261,12,1,2,2,2,5,1
ESPORTSTMNT02_2551249,complete,,LCK,2022,Spring,0,27/01/2022 13:28,3,12.02,100,Blue,team,,,T1,oe:team:ce499dea30cfce118f4fe85da0227e8,,Yuumi,Renekton,Twisted Fate,Zoe,Viktor,2385,1,19,8,43,19,8,3,0,0,0,0,,,,0.478,0.6792,0,4,2,4,2,1,3,0,0,0,0,,0,0,0,1,1,0,1,1,1,10,3,1,1,5,5,3,0,86591,2178.3899,,2057.7107,1929.2327,152,3.8239,93,2.3396,59,396,9.9623,72433,46728,1175.5472,,67250,0.09624,,998,268,,,31.8491,16692,18243,310,16425,18242,317,267,1,-7,5,7,4,4,4,5,25831,29520,523,25984,29877,514,-153,-357,9,6,9,5,5,5,6
ESPORTSTMNT02_2552430,complete,,LCK,2022,Spring,0,30/01/2022 6:56,1,12.02,200,Red,team,,,T1,oe:team:ce499dea30cfce118f4fe85da0227e8,,Twisted Fate,Corki,Diana,Syndra,Akali,3326,0,9,14,23,9,14,1,0,0,0,0,,,,0.1624,0.4149,0,3,6,3,4,2,0,0,1,0,0,,0,2,1,2,0,0,1,3,1,7,10,0,1,8,7,1,2,104531,1885.7066,,2948.5328,3039.6512,201,3.626,111,2.0024,76,536,9.6693,93420,58113,1048.3403,,92860,-0.0636013,,1438,355,,,32.3452,15744,18688,351,16936,19053,343,-1192,-365,8,0,0,2,2,3,0,25389,30366,558,25837,30206,542,-448,160,16,1,1,3,3,3,1
ESPORTSTMNT02_2552458,complete,,LCK,2022,Spring,0,30/01/2022 9:08,2,12.02,100,Blue,team,,,T1,oe:team:ce499dea30cfce118f4fe85da0227e8,,Diana,Renekton,Karma,Viktor,Akali,1805,1,19,5,46,19,5,3,1,0,0,1,,,,0.6316,0.7978,1,4,0,4,0,1,0,2,0,0,1,,0,0,1,2,0,1,2,0,1,11,2,1,1,6,0,5,0,54688,1817.8837,,2551.2798,2496.3989,113,3.7562,49,1.6288,46,250,8.3102,61237,41452,1377.9058,,58625,0.184443,,784,210,,,33.0416,16533,19717,367,15125,18115,347,1408,1602,20,1,2,0,0,0,1,25651,30691,573,23662,29372,573,1989,1319,0,1,2,0,0,0,1
ESPORTSTMNT02_2552463,complete,,LCK,2022,Spring,0,30/01/2022 10:08,3,12.02,200,Red,team,,,T1,oe:team:ce499dea30cfce118f4fe85da0227e8,,Twisted Fate,Corki,Jarvan IV,Diana,Nidalee,2030,1,20,15,55,20,15,4,0,0,0,0,,,,0.5911,1.0345,1,3,2,3,2,1,0,1,0,0,1,,0,0,0,0,2,0,1,1,0,8,8,0,0,10,10,1,1,80576,2381.5567,,2585.3202,1566.8571,132,3.9015,45,1.33,49,269,7.9507,66074,43986,1300.0788,,57750,-0.0519481,,915,213,,,33.3399,16194,18874,319,17430,18720,305,-1236,154,14,2,2,3,3,0,2,26405,30249,515,27098,30885,512,-693,-636,3,4,5,5,5,3,4
ESPORTSTMNT02_2577665,complete,,LCK,2022,Spring,0,9/02/2022 8:07,1,12.02,100,Blue,team,,,T1,oe:team:ce499dea30cfce118f4fe85da0227e8,,Renekton,Xin Zhao,Akali,Janna,Graves,1953,0,8,17,20,8,17,0,0,0,0,0,,,,0.2458,0.768,1,1,3,1,3,0,1,0,0,0,0,1,0,0,1,2,0,0,0,1,1,2,9,0,0,9,5,0,1,50476,1550.722,,2456.0676,2204.7619,108,3.318,46,1.4132,42,211,6.4823,55377,34078,1046.9432,,50850,-0.140649,,1095,208,,,40.0307,16268,19013,340,16357,18935,315,-89,78,25,2,2,3,3,4,2,26376,30454,545,25601,29922,525,775,532,20,3,4,3,3,4,3
ESPORTSTMNT02_2557691,complete,,LCK,2022,Spring,0,9/02/2022 9:03,2,12.02,100,Blue,team,,,T1,oe:team:ce499dea30cfce118f4fe85da0227e8,,Renekton,Zeri,Xin Zhao,Viktor,Akali,1505,1,10,7,22,10,7,1,0,0,0,0,,,,0.3987,0.6777,1,3,1,3,1,0,0,1,2,0,0,3,0,0,0,1,1,1,1,0,1,9,2,1,1,13,6,2,0,52372,2087.9203,,2626.5249,1779.1894,78,3.1096,32,1.2757,28,172,6.8571,49360,32631,1300.9037,,43900,0.119237,,878,190,,,42.5781,17650,19561,344,16461,18554,328,1189,1007,16,3,5,3,3,3,3,28607,30126,537,25468,29149,510,3139,977,27,5,10,4,4,4,5
ESPORTSTMNT02_2557693,complete,,LCK,2022,Spring,0,9/02/2022 9:53,3,12.02,200,Red,team,,,T1,oe:team:ce499dea30cfce118f4fe85da0227e8,,Zeri,Corki,Yuumi,Syndra,Akali,2817,1,15,11,34,15,11,1,0,0,0,1,,,,0.3195,0.5538,0,2,4,2,4,0,0,0,2,0,0,2,0,0,0,1,1,0,2,1,1,10,6,0,0,2,5,3,0,100354,2137.4654,,2449.2226,2230.3301,184,3.9191,67,1.4271,68,397,8.4558,85166,55055,1172.6305,,79100,-0.0199507,,1542,323,,,39.7231,15443,17993,340,15344,18958,300,99,-965,40,1,2,3,3,4,1,24065,29977,566,24059,30558,504,6,-581,62,1,2,3,3,4,1
ESPORTSTMNT02_2578644,complete,,LCK,2022,Spring,0,12/02/2022 6:05,1,12.02,100,Blue,team,,,T1,oe:team:ce499dea30cfce118f4fe85da0227e8,,Akali,Xin Zhao,Aphelios,Yone,LeBlanc,2746,1,21,14,57,21,14,4,0,0,0,1,,,,0.4588,0.7647,1,3,4,1,4,0,0,0,1,0,0,,2,0,1,2,0,0,2,1,0,8,8,1,1,5,4,1,2,125450,2741.0779,,3299.8471,3868.8201,144,3.1464,59,1.2891,64,375,8.1937,90436,61049,1333.9184,,82375,0.00886461,,1154,286,,,31.4639,14832,18669,330,15637,18985,367,-805,-316,-37,0,0,0,0,0,0,23813,29983,544,24380,30105,572,-567,-122,-28,0,0,0,0,0,0
ESPORTSTMNT02_2578670,complete,,LCK,2022,Spring,0,12/02/2022 8:52,2,12.02,100,Blue,team,,,T1,oe:team:ce499dea30cfce118f4fe85da0227e8,,Akali,Aphelios,Corki,Tryndamere,Yone,1833,1,13,9,32,13,9,0,0,0,0,0,,,,0.4255,0.7201,0,3,1,3,1,2,0,0,0,0,1,,0,0,1,2,0,1,1,0,1,11,0,1,1,11,0,3,0,62231,2037.0213,,2867.9542,2312.5041,102,3.3388,47,1.5385,38,222,7.2668,59815,39745,1300.982,,54433,0.141282,,808,243,,,34.4026,16109,19378,341,15049,17948,315,1060,1430,26,1,1,1,1,2,1,26874,30695,526,22771,28623,475,4103,2072,51,3,3,3,3,5,3
ESPORTSTMNT03_2546137,complete,,LCK,2022,Spring,0,18/02/2022 5:07,1,12.03,200,Red,team,,,T1,oe:team:ce499dea30cfce118f4fe85da0227e8,,Twisted Fate,Jarvan IV,Akali,Tryndamere,Poppy,1955,1,22,25,46,22,25,5,0,0,0,0,,,,0.6752,1.4425,0,2,2,2,2,1,1,0,0,0,0,,0,0,1,2,0,1,2,0,1,11,1,1,1,12,8,5,0,96958,2975.6931,,3381.4834,3293.156,117,3.5908,41,1.2583,42,239,7.335,66357,45038,1382.2404,,62570,0.0587316,,755,244,,,30.6598,16954,20033,356,16550,18262,334,404,1771,22,2,4,3,3,6,2,27399,29665,533,25800,28669,512,1599,996,21,3,6,5,5,12,3
ESPORTSTMNT03_2546195,complete,,LCK,2022,Spring,0,18/02/2022 8:52,2,12.03,200,Red,team,,,T1,oe:team:ce499dea30cfce118f4fe85da0227e8,,Twisted Fate,Akali,Zeri,LeBlanc,Tryndamere,1321,1,20,8,37,20,8,2,2,0,0,1,,,,0.9084,1.2718,1,1,2,1,2,0,1,0,0,0,0,,0,0,1,2,0,1,1,0,1,10,2,1,1,11,6,2,0,43258,1964.7843,,2652.7176,1759.3036,74,3.3611,29,1.3172,29,165,7.4943,49266,34417,1563.2248,,43383,0.138331,,605,149,,,34.2468,17941,20408,329,16530,18285,334,1411,2123,-5,6,7,3,3,3,6,29777,31792,495,25267,29643,513,4510,2149,-18,11,17,6,6,9,11
ESPORTSTMNT03_2547455,complete,,LCK,2022,Spring,0,20/02/2022 10:44,1,12.03,200,Red,team,,,T1,oe:team:ce499dea30cfce118f4fe85da0227e8,,Twisted Fate,Graves,Zeri,Tahm Kench,Jarvan IV,2374,1,8,0,24,8,0,1,0,0,0,1,,,,0.2022,0.2022,1,5,1,4,1,1,0,2,1,0,0,,1,0,0,1,1,0,1,1,0,7,3,1,1,1,6,1,0,48160,1217.1862,,2353.9259,2270.8003,163,4.1196,93,2.3505,63,410,10.3623,70969,45377,1146.8492,,61425,0.00571429,,1147,275,,,35.9393,14892,18066,341,15506,18496,360,-614,-430,-19,0,0,0,0,0,0,23605,29474,551,24026,29350,560,-421,124,-9,1,2,0,0,0,1
ESPORTSTMNT03_2547511,complete,,LCK,2022,Spring,0,20/02/2022 12:30,2,12.03,200,Red,team,,,T1,oe:team:ce499dea30cfce118f4fe85da0227e8,,Twisted Fate,Zeri,Yuumi,Aphelios,Jhin,2457,0,20,28,44,20,28,1,0,0,0,0,,,,0.4884,1.1722,0,1,4,1,4,0,1,0,0,0,0,,0,0,1,2,0,1,1,2,1,8,11,1,1,5,8,2,1,93515,2283.6386,,2637.7045,2465.3724,160,3.9072,100,2.442,58,380,9.2796,73532,47093,1150.0122,,76400,0.0247126,,989,253,,,30.3297,16012,17975,329,16434,17928,296,-422,47,33,3,9,5,5,5,3,24946,27775,497,27434,29716,492,-2488,-1941,5,5,11,8,8,7,5
ESPORTSTMNT03_2547540,complete,,LCK,2022,Spring,0,20/02/2022 13:35,3,12.03,100,Blue,team,,,T1,oe:team:ce499dea30cfce118f4fe85da0227e8,,Azir,Jayce,Sylas,Akali,Vex,1780,1,20,5,43,20,5,2,1,1,0,0,,,,0.6742,0.8427,0,3,2,3,2,2,0,0,0,0,1,,0,0,0,0,2,1,1,0,1,8,3,1,1,4,4,1,0,64259,2166.0337,,1925.5618,1579.7865,123,4.1461,55,1.8539,36,273,9.2022,56410,36879,1243.1124,,48950,0.0544567,,748,198,,,31.8876,15827,18521,321,15524,18357,326,303,164,-5,2,3,2,2,2,2,25770,30267,505,24728,28930,510,1042,1337,-5,6,10,4,4,4,6
ESPORTSTMNT03_2568861,complete,,LCK,2022,Spring,0,23/02/2022 9:45,1,12.03,100,Blue,team,,,T1,oe:team:ce499dea30cfce118f4fe85da0227e8,,Jarvan IV,Karma,Ryze,Hecarim,Jayce,1805,1,22,11,49,22,11,4,2,0,0,1,,,,0.7313,1.097,0,2,1,2,1,1,0,0,1,0,0,,0,0,0,1,1,1,2,0,1,9,2,1,1,8,6,1,0,71936,2391.2244,,2539.4127,1755.2909,97,3.2244,63,2.0942,43,248,8.2438,62459,42668,1418.3269,,54855,0.159008,,760,201,,,31.9446,18491,18690,343,17385,19380,326,1106,-690,17,3,6,7,7,7,3,26702,29102,531,25820,29571,508,882,-469,23,4,8,8,8,8,4
ESPORTSTMNT03_2568906,complete,,LCK,2022,Spring,0,23/02/2022 11:41,2,12.03,200,Red,team,,,T1,oe:team:ce499dea30cfce118f4fe85da0227e8,,Twisted Fate,Zeri,Ryze,LeBlanc,Jayce,2776,1,12,12,32,12,12,1,0,0,0,1,,,,0.2594,0.5187,0,2,5,2,4,1,0,1,0,0,0,,0,1,1,1,1,1,2,1,1,9,5,1,1,7,5,1,0,81499,1761.5058,,2602.2839,2367.0821,153,3.3069,84,1.8156,63,409,8.8401,82121,52426,1133.1268,,77905,-0.0257598,,1182,322,,,32.5072,17468,18355,337,16274,18702,309,1194,-347,28,2,3,1,1,2,2,25661,29394,555,24564,29824,506,1097,-430,49,2,3,2,2,3,2
ESPORTSTMNT03_2580163,complete,,LCK,2022,Spring,0,26/02/2022 9:35,1,12.03,200,Red,team,,,T1,oe:team:ce499dea30cfce118f4fe85da0227e8,,Akali,Zeri,Yuumi,Jayce,Leona,1825,1,19,12,40,19,12,2,1,0,0,0,,,,0.6247,1.0192,0,2,2,2,2,0,0,2,0,0,0,,0,0,0,1,1,1,1,0,1,9,3,0,1,5,5,1,0,75937,2496.5589,,2506.8164,1759.2329,125,4.1096,43,1.4137,47,225,7.3973,61114,41116,1351.7589,,55875,0.0902502,,839,208,,,34.4219,16089,18940,357,15799,18109,331,290,831,26,1,1,2,2,4,1,25542,30034,546,25366,30250,527,176,-216,19,3,5,5,5,8,3
ESPORTSTMNT03_2580198,complete,,LCK,2022,Spring,0,26/02/2022 11:41,2,12.03,200,Red,team,,,T1,oe:team:ce499dea30cfce118f4fe85da0227e8,,Ryze,Zeri,Lee Sin,Gwen,Leona,1596,1,15,7,32,15,7,2,1,0,0,0,,,,0.5639,0.8271,1,2,1,2,1,0,0,1,0,0,1,,0,0,0,1,1,1,1,0,1,9,1,1,1,4,5,1,0,52114,1959.1729,,2449.1353,2182.7444,92,3.4586,45,1.6917,38,220,8.2707,53010,35354,1329.0977,,46850,0.112025,,764,181,,,35.5263,16457,18353,333,16623,18189,303,-166,164,30,3,6,5,5,8,3,26143,30011,549,26309,29875,521,-166,136,28,5,8,6,6,11,5
ESPORTSTMNT01_2734770,complete,,LCK,2022,Spring,0,3/03/2022 6:55,1,12.04,200,Red,team,,,T1,oe:team:ce499dea30cfce118f4fe85da0227e8,,Hecarim,Ryze,Twisted Fate,Tryndamere,Yone,1924,1,20,6,46,20,6,0,0,0,0,1,,,,0.6237,0.8108,0,2,2,2,2,2,0,0,0,0,0,,0,0,1,2,0,1,1,0,1,10,3,1,1,6,0,2,0,71697,2235.8732,,2686.341,2069.6258,118,3.6798,61,1.9023,40,286,8.9189,63687,42681,1331.0083,,56505,0.103882,,866,221,,,33.8981,15517,18031,336,14474,16842,311,1043,1189,25,1,3,0,0,0,1,25785,29502,537,22704,28408,515,3081,1094,22,3,6,1,1,2,3
ESPORTSTMNT01_2744817,complete,,LCK,2022,Spring,0,3/03/2022 8:40,2,12.04,200,Red,team,,,T1,oe:team:ce499dea30cfce118f4fe85da0227e8,,Hecarim,Zeri,Twisted Fate,Ziggs,Syndra,2154,1,15,9,33,15,9,2,0,0,0,0,,,,0.4178,0.6685,0,1,4,1,4,0,1,0,0,0,0,,0,0,1,2,0,1,2,0,1,11,4,1,1,10,5,4,0,87474,2436.6017,,2397.2981,1890.3064,134,3.7326,46,1.2813,46,293,8.1616,66592,43239,1204.429,,61225,0.0714739,,840,259,,,30.6128,16531,19654,362,15939,19298,344,592,356,18,1,3,2,2,2,1,26672,31202,576,26068,32097,582,604,-895,-6,2,5,3,3,3,2
ESPORTSTMNT01_2770993,complete,,LCK,2022,Spring,0,6/03/2022 9:38,1,12.04,100,Blue,team,,,T1,oe:team:ce499dea30cfce118f4fe85da0227e8,,Akali,Ryze,Leona,Tryndamere,Renekton,2105,1,16,15,30,16,15,2,0,0,0,0,,,,0.4561,0.8836,1,2,2,2,2,1,0,1,0,0,0,,0,0,1,2,0,0,0,1,1,9,4,1,1,10,1,1,0,64293,1832.5796,,2297.6722,1868.7506,154,4.3895,68,1.9382,61,284,8.095,67146,44301,1262.7363,,61405,-0.0292065,,989,238,,,34.9739,16290,18001,343,15819,17777,311,471,224,32,2,6,3,3,5,2,26842,29377,544,23482,28059,490,3360,1318,54,4,9,4,4,7,4
ESPORTSTMNT01_2771060,complete,,LCK,2022,Spring,0,6/03/2022 11:44,2,12.04,200,Red,team,,,T1,oe:team:ce499dea30cfce118f4fe85da0227e8,,Ryze,Zeri,Akali,Jayce,Tryndamere,2052,1,17,17,36,17,17,2,0,0,0,0,,,,0.4971,0.9942,1,3,2,3,2,0,1,1,1,0,0,,0,0,0,0,2,1,1,0,1,10,4,1,1,5,6,1,0,77072,2253.5673,,3104.9708,2236.6082,126,3.6842,68,1.9883,45,269,7.8655,65082,42770,1250.5848,,59185,-0.0390955,,904,216,,,32.7485,15030,18239,340,15497,18837,349,-467,-598,-9,0,0,1,1,1,0,24216,29638,550,23601,29039,537,615,599,13,1,2,1,1,1,1
ESPORTSTMNT01_2773445,complete,,LCK,2022,Spring,0,11/03/2022 7:00,1,12.04,200,Red,team,,,T1,oe:team:ce499dea30cfce118f4fe85da0227e8,,Volibear,Zeri,Nautilus,Rakan,Akshan,2179,1,14,11,32,14,11,1,0,0,0,1,,,,0.3855,0.6884,0,1,4,0,4,0,0,0,0,0,0,,1,0,1,1,0,1,1,0,0,10,3,1,0,7,0,2,0,72974,2009.3804,,2259.2657,2189.6558,153,4.2129,56,1.542,54,296,8.1505,68918,45314,1247.7467,,62775,0.0990596,,886,273,,,31.9137,16286,17971,332,16443,18556,334,-157,-585,-2,3,7,4,4,11,3,26476,29434,550,24725,30080,541,1751,-646,9,4,8,5,5,12,4
ESPORTSTMNT01_2773482,complete,,LCK,2022,Spring,0,11/03/2022 8:45,2,12.04,200,Red,team,,,T1,oe:team:ce499dea30cfce118f4fe85da0227e8,,Volibear,Zeri,Nautilus,Akshan,Lee Sin,1860,0,8,20,19,8,20,0,0,0,0,1,,,,0.2581,0.9032,1,1,3,1,3,0,0,0,1,0,0,,0,0,1,1,1,0,0,1,1,2,7,0,0,7,1,0,1,56771,1831.3226,,2805.5484,2477.5484,116,3.7419,50,1.6129,40,257,8.2903,51753,31403,1013,,51555,0.0533705,,794,208,,,32.3226,16162,18961,342,14691,18069,327,1471,892,15,1,2,0,0,0,1,25572,29359,517,25151,31180,519,421,-1821,-2,3,5,6,6,13,3
ESPORTSTMNT01_2773491,complete,,LCK,2022,Spring,0,11/03/2022 9:44,3,12.04,200,Red,team,,,T1,oe:team:ce499dea30cfce118f4fe85da0227e8,,Volibear,Zeri,Ryze,Malphite,Rakan,1807,1,21,12,36,21,12,3,1,0,0,1,,,,0.6973,1.0957,1,4,0,4,0,1,1,2,0,0,0,,0,0,1,2,0,1,1,0,1,11,1,1,1,10,1,3,0,79272,2632.1638,,2371.6436,2464.6818,113,3.7521,55,1.8262,42,234,7.7698,61598,41789,1387.5706,,55780,0.206269,,786,241,,,34.1007,17943,18304,329,14657,18017,297,3286,287,32,6,7,2,2,2,6,29684,30093,528,23262,28309,463,6422,1784,65,10,11,5,5,5,10
ESPORTSTMNT04_2210465,complete,,LCK,2022,Spring,0,13/03/2022 7:29,1,12.04,100,Blue,team,,,T1,oe:team:ce499dea30cfce118f4fe85da0227e8,,Zoe,Ryze,Jinx,Vex,Sylas,1145,1,19,4,38,19,4,4,1,0,0,1,,,,0.9956,1.2052,0,1,1,1,1,0,0,0,1,0,0,,0,0,1,2,0,0,0,0,1,8,0,1,1,12,1,1,0,47062,2466.131,,2367.1441,1433.9214,61,3.1965,17,0.8908,22,121,6.3406,44789,31732,1662.8122,,35283,0.227779,,577,160,,,38.6201,16822,19842,354,15494,19156,333,1328,686,21,2,3,1,1,0,2,32541,34710,581,22996,28905,488,9545,5805,93,10,18,3,3,3,10
ESPORTSTMNT04_2210474,complete,,LCK,2022,Spring,0,13/03/2022 8:27,2,12.04,200,Red,team,,,T1,oe:team:ce499dea30cfce118f4fe85da0227e8,,Zoe,Zeri,Ryze,Akali,Kennen,1194,1,22,4,32,22,4,3,1,0,0,1,,,,1.1055,1.3065,1,1,0,1,0,1,0,0,0,0,0,,0,0,1,2,0,0,0,0,1,10,0,1,1,12,0,2,0,46322,2327.7387,,2858.995,1869.9497,52,2.6131,23,1.1558,21,112,5.6281,46550,32993,1657.9397,,41125,0.362657,,621,161,,,39.2965,17525,20301,378,14611,17214,321,2914,3087,57,3,2,0,0,0,3,31805,34455,615,21768,25471,460,10037,8984,155,9,8,2,2,5,9
ESPORTSTMNT02_2662403,complete,,LCK,2022,Spring,0,18/03/2022 6:41,1,12.05,100,Blue,team,,,T1,oe:team:ce499dea30cfce118f4fe85da0227e8,,Irelia,Akali,Nautilus,Xayah,Rakan,2465,0,10,19,23,10,19,1,1,0,0,1,,,,0.2434,0.7059,0,2,4,1,4,1,0,0,0,0,0,,1,0,1,2,0,0,0,2,1,8,9,1,1,7,3,2,1,106075,2581.9473,,3121.8256,2895.286,161,3.9189,65,1.5822,67,328,7.9838,74734,48213,1173.5416,,74750,0.0109628,,1099,307,,,34.2231,16526,18780,320,15135,18660,326,1391,120,-6,2,1,1,1,0,2,25557,29966,526,23381,30735,558,2176,-769,-32,2,1,1,1,0,2
ESPORTSTMNT02_2672267,complete,,LCK,2022,Spring,0,18/03/2022 8:52,2,12.05,200,Red,team,,,T1,oe:team:ce499dea30cfce118f4fe85da0227e8,,Gragas,Zeri,Hecarim,Renata Glasc,Aphelios,1293,1,23,3,36,23,3,5,1,0,0,1,,,,1.0673,1.2065,1,2,0,2,0,0,0,1,1,0,0,,0,0,0,1,1,1,1,0,1,10,2,1,1,7,5,1,0,58355,2707.8886,,2764.6868,2354.8028,74,3.4339,18,0.8353,26,146,6.7749,48669,34102,1582.4594,,39225,0.225216,,595,168,,,35.406,17553,19781,339,15269,18813,342,2284,968,-3,5,7,1,1,1,5,29196,31956,529,22732,27303,477,6464,4653,52,11,17,2,2,3,11
ESPORTSTMNT02_2672271,complete,,LCK,2022,Spring,0,18/03/2022 9:39,3,12.05,100,Blue,team,,,T1,oe:team:ce499dea30cfce118f4fe85da0227e8,,Gragas,Hecarim,Irelia,Aphelios,Jinx,1494,1,20,8,44,20,8,1,1,0,0,1,,,,0.8032,1.1245,0,1,2,1,2,0,0,0,1,0,0,,0,0,1,2,0,1,1,0,1,11,1,1,1,7,2,3,0,70030,2812.4498,,2414.8193,2450.1205,86,3.4538,27,1.0843,31,159,6.3855,53036,36419,1462.6104,,45875,0.209246,,651,186,,,33.6145,16565,19242,339,15345,19495,352,1220,-253,-13,3,3,1,1,1,3,28777,32108,550,24015,30717,541,4762,1391,9,9,11,4,4,8,9
ESPORTSTMNT02_2672727,complete,,LCK,2022,Spring,0,20/03/2022 7:42,1,12.05,100,Blue,team,,,T1,oe:team:ce499dea30cfce118f4fe85da0227e8,,Akali,Hecarim,Ryze,Tryndamere,Jinx,1764,1,16,4,34,16,4,1,0,0,0,1,,,,0.5442,0.6803,0,4,1,4,1,0,0,3,0,0,1,,0,0,0,1,1,0,0,0,1,8,1,1,1,5,4,1,0,72697,2472.6871,,2033.8095,1861.9728,103,3.5034,46,1.5646,46,241,8.1973,56210,36839,1253.0272,,48775,0.11881,,837,219,,,35.9184,16299,19232,363,15084,18926,335,1215,306,28,1,1,1,1,0,1,25644,31050,590,24175,30863,553,1469,187,37,1,1,2,2,3,1
ESPORTSTMNT02_2672743,complete,,LCK,2022,Spring,0,20/03/2022 9:39,2,12.05,200,Red,team,,,T1,oe:team:ce499dea30cfce118f4fe85da0227e8,,Zeri,Hecarim,Jinx,Akali,Volibear,1831,1,21,9,45,21,9,1,0,0,0,1,,,,0.6881,0.9831,1,4,0,4,0,0,1,0,1,0,2,,0,0,0,1,1,1,1,0,0,10,2,1,1,2,3,1,0,63373,2076.6685,,2526.8487,2488.5745,98,3.2114,38,1.2452,42,210,6.8815,60657,40603,1330.5188,,57960,0.197681,,843,200,,,34.178,18555,19056,323,16250,17690,288,2305,1366,35,9,13,4,4,9,9,26571,30469,540,25546,28354,468,1025,2115,72,9,13,6,6,12,9
ESPORTSTMNT02_2673855,complete,,LCK,2022,Spring,1,26/03/2022 6:59,1,12.05,100,Blue,team,,,T1,oe:team:ce499dea30cfce118f4fe85da0227e8,,Nautilus,Ryze,LeBlanc,Vex,Aphelios,1577,1,13,3,34,13,3,2,0,0,0,1,,,,0.4946,0.6088,0,2,2,2,2,0,1,0,1,0,0,,0,0,1,2,0,1,1,0,1,8,1,1,1,6,1,1,0,54433,2071.0082,,2357.6538,2246.5568,114,4.3373,44,1.6741,40,213,8.104,51191,33728,1283.2467,,47305,0.220241,,715,197,,,34.6988,15915,18991,353,14879,18543,346,1036,448,7,1,1,0,0,0,1,25792,30963,589,23037,30068,559,2755,895,30,1,1,0,0,0,1
ESPORTSTMNT02_2664035,complete,,LCK,2022,Spring,1,26/03/2022 8:38,2,12.05,200,Red,team,,,T1,oe:team:ce499dea30cfce118f4fe85da0227e8,,Zeri,Twisted Fate,Ryze,Malphite,Gragas,1216,1,19,4,36,19,4,4,0,0,0,0,,,,0.9375,1.1349,1,2,0,2,0,0,0,0,1,0,1,,0,0,1,2,0,0,0,0,1,9,1,1,1,9,0,2,0,49054,2420.4276,,2125.0658,1375.0164,67,3.3059,25,1.2336,26,143,7.0559,44627,30846,1522.0066,,38360,0.242128,,575,163,,,36.4145,17599,19428,349,15438,17538,313,2161,1890,36,5,8,2,2,6,5,29749,31232,538,23373,27580,476,6376,3652,62,10,13,4,4,10,10
ESPORTSTMNT02_2664040,complete,,LCK,2022,Spring,1,26/03/2022 9:21,3,12.05,200,Red,team,,,T1,oe:team:ce499dea30cfce118f4fe85da0227e8,,Zeri,Twisted Fate,Ryze,Xin Zhao,Nocturne,1918,1,20,11,39,20,11,2,0,0,0,1,,,,0.6257,0.9698,1,3,2,3,2,0,2,0,0,0,1,,0,0,1,2,0,1,1,0,1,10,2,1,1,12,3,2,0,59610,1864.755,,2262.5756,1971.7101,130,4.0667,53,1.658,47,264,8.2586,65072,44130,1380.5005,,58975,0.156307,,843,255,,,34.3483,18097,19056,324,14811,16384,288,3286,2672,36,7,14,2,2,3,7,28738,28842,481,23998,28027,445,4740,815,36,10,20,6,6,8,10
ESPORTSTMNT02_2674644,complete,,LCK,2022,Spring,1,2/04/2022 7:12,1,12.05,200,Red,team,,,T1,oe:team:ce499dea30cfce118f4fe85da0227e8,,Zeri,Twisted Fate,Hecarim,Corki,Galio,1809,1,15,8,32,15,8,3,1,1,0,0,,,,0.4975,0.7629,0,3,2,3,2,3,0,0,0,0,0,,0,0,0,1,1,0,0,1,0,8,1,1,1,0,2,1,0,57624,1911.2438,,2553.665,1756.2189,104,3.4494,45,1.4925,46,218,7.2305,56450,36620,1214.5937,,49935,0.0696301,,840,229,,,35.4561,16047,18890,341,15596,18155,314,451,735,27,2,5,2,2,2,2,24623,30767,541,23791,29538,523,832,1229,18,4,9,2,2,2,4
ESPORTSTMNT02_2674660,complete,,LCK,2022,Spring,1,2/04/2022 9:11,2,12.05,200,Red,team,,,T1,oe:team:ce499dea30cfce118f4fe85da0227e8,,Zeri,Karma,Twisted Fate,Rakan,Renata Glasc,2138,0,17,29,35,17,29,2,0,0,0,1,,,,0.4771,1.2909,0,0,4,0,4,0,0,0,0,0,0,,0,0,1,2,0,1,1,1,1,4,7,1,1,8,2,0,1,90128,2529.3171,,2911.2348,2601.6651,127,3.5641,55,1.5435,57,259,7.2685,64080,40894,1147.6333,,60550,-0.0344898,,871,252,,,31.5154,16502,18429,352,15167,18833,312,1335,-404,40,2,4,2,2,2,2,25516,29542,556,23638,30378,528,1878,-836,28,3,7,3,3,2,3
ESPORTSTMNT02_2674677,complete,,LCK,2022,Spring,1,2/04/2022 10:20,3,12.05,100,Blue,team,,,T1,oe:team:ce499dea30cfce118f4fe85da0227e8,,Hecarim,Ryze,Karma,Malphite,Rakan,2247,1,15,3,22,15,3,2,1,0,0,1,,,,0.4005,0.4806,0,2,4,2,4,0,0,0,2,0,0,,0,0,1,2,0,1,1,1,1,10,3,1,1,12,5,2,0,77363,2065.7677,,2662.0828,2074.3925,155,4.1389,80,2.1362,61,325,8.6782,69442,45145,1205.474,,64525,0.141909,,934,287,,,32.6035,16128,18908,331,15187,17672,287,941,1236,44,2,0,1,1,1,2,27934,30935,532,23274,28272,463,4660,2663,69,5,2,1,1,1,5
ESPORTSTMNT02_2674680,complete,,LCK,2022,Spring,1,2/04/2022 11:30,4,12.05,200,Red,team,,,T1,oe:team:ce499dea30cfce118f4fe85da0227e8,,Zeri,Twisted Fate,Hecarim,Malphite,Camille,1675,1,21,4,39,21,4,3,1,1,0,1,,,,0.7522,0.8955,0,2,2,2,2,0,0,2,0,0,0,,0,0,1,2,0,1,1,0,1,10,2,1,1,8,3,1,0,55252,1979.1761,,2412.3224,1451.1045,115,4.1194,46,1.6478,48,237,8.4896,56210,37747,1352.1313,,51525,0.243632,,729,212,,,33.7075,17104,19450,336,14770,18124,320,2334,1326,16,4,3,0,0,0,4,27501,31031,525,23253,28971,501,4248,2060,24,7,9,1,1,1,7
ESPORTSTMNT03_2701896,complete,,MSI,2022,,0,10/05/2022 7:29,1,12.08,100,Blue,team,,,T1,oe:team:ce499dea30cfce118f4fe85da0227e8,,Leona,Nautilus,Ahri,Rakan,Rell,1563,1,23,11,36,23,11,2,0,0,0,0,,,,0.8829,1.3052,0,2,1,2,1,1,0,1,0,0,0,,0,0,1,2,0,1,1,0,0,10,1,1,1,11,5,2,0,70032,2688.3685,,2809.5585,1931.4779,94,3.6084,25,0.9597,36,175,6.7179,55789,38468,1476.6987,,52435,0.220763,,648,192,,,32.2457,16692,19258,321,16626,18317,321,66,941,0,3,3,4,4,4,3,27737,31728,528,26845,31034,524,892,694,4,6,6,7,7,9,6
ESPORTSTMNT03_2702237,complete,,MSI,2022,,0,11/05/2022 11:32,1,12.08,200,Red,team,,,T1,oe:team:ce499dea30cfce118f4fe85da0227e8,,Nautilus,Lucian,Leona,Jax,Gangplank,1245,1,25,4,38,25,4,2,0,0,0,1,,,,1.2048,1.3976,1,2,0,2,0,0,0,0,1,0,1,2,0,0,1,2,0,0,0,0,1,11,0,1,1,11,0,2,0,46989,2264.5301,,2771.6627,1413.9759,58,2.7952,21,1.012,17,151,7.2771,48088,34011,1639.0843,,42775,0.395755,,708,146,,,41.1566,19833,19849,321,14145,16759,307,5688,3090,14,9,12,0,0,0,9,31528,32465,514,21903,26758,460,9625,5707,54,15,17,2,2,2,15
ESPORTSTMNT03_2712615,complete,,MSI,2022,,0,12/05/2022 12:13,1,12.08,100,Blue,team,,,T1,oe:team:ce499dea30cfce118f4fe85da0227e8,,Urgot,Nautilus,Renata Glasc,Xin Zhao,Poppy,1482,1,26,11,40,26,11,3,0,0,0,1,,,,1.0526,1.498,0,2,1,2,1,1,0,1,0,0,0,,0,0,1,2,0,1,1,0,1,10,1,1,1,10,4,1,0,65759,2662.3077,,2977.2065,1830.3239,113,4.5749,37,1.498,36,223,9.0283,57708,41214,1668.583,,50250,0.291826,,687,184,,,35.2632,18475,19513,362,16786,18782,281,1689,731,81,6,7,6,6,9,6,30359,32720,580,24878,29245,458,5481,3475,122,11,11,7,7,10,11
ESPORTSTMNT03_2713259,complete,,MSI,2022,,0,15/05/2022 6:37,1,12.08,200,Red,team,,,T1,oe:team:ce499dea30cfce118f4fe85da0227e8,,Urgot,Lucian,Ahri,Nautilus,Tryndamere,1422,1,18,6,28,18,6,3,0,0,0,0,,,,0.7595,1.0127,1,3,0,3,0,1,0,1,1,0,0,,0,0,0,0,2,1,1,0,1,10,2,1,1,7,4,1,0,44711,1886.5401,,2242.1097,1215.443,114,4.8101,34,1.4346,29,221,9.3249,50262,34380,1450.6329,,43808,0.155561,,655,176,,,35.0633,14953,18139,311,16108,18403,335,-1155,-264,-24,1,2,3,3,5,1,26780,32719,535,24510,28458,515,2270,4261,20,6,7,4,4,5,6
ESPORTSTMNT03_2713280,complete,,MSI,2022,,0,15/05/2022 8:26,1,12.08,100,Blue,team,,,T1,oe:team:ce499dea30cfce118f4fe85da0227e8,,Leona,Nautilus,Rakan,Alistar,Ezreal,1335,1,20,8,32,20,8,1,0,0,0,0,,,,0.8989,1.2584,0,1,1,1,1,1,0,0,0,0,0,,0,0,1,2,0,1,1,0,1,10,0,1,1,12,1,2,0,46964,2110.7416,,2789.9775,1647.2809,77,3.4607,30,1.3483,23,162,7.2809,54294,39299,1766.2472,,49525,0.389828,,637,165,,,36.0449,18360,19030,324,15207,17598,283,3153,1432,41,5,7,3,3,3,5,32537,32461,527,23242,28147,448,9295,4314,79,12,15,5,5,5,12
ESPORTSTMNT03_2713300,complete,,MSI,2022,,0,15/05/2022 10:15,1,12.08,200,Red,team,,,T1,oe:team:ce499dea30cfce118f4fe85da0227e8,,Tristana,Lucian,Ahri,Nautilus,Karma,1314,1,17,5,26,17,5,2,0,0,0,1,,,,0.7763,1.0046,1,2,0,2,0,0,0,1,0,0,1,,0,0,1,2,0,1,1,0,1,8,1,1,1,8,1,1,0,46003,2100.5936,,2632.6941,1489.2237,59,2.6941,20,0.9132,19,142,6.484,45800,31019,1416.3927,,37550,0.108366,,620,151,,,35.2055,16662,18710,324,14854,17983,298,1808,727,26,4,6,1,1,1,4,28719,30713,514,22559,27314,463,6160,3399,51,9,12,2,2,2,9
ESPORTSTMNT03_2714142,complete,,MSI,2022,,0,20/05/2022 7:13,1,12.08,100,Blue,team,,,T1,oe:team:ce499dea30cfce118f4fe85da0227e8,,LeBlanc,Senna,Ahri,Gragas,Gangplank,2348,0,8,20,16,8,20,1,1,0,0,1,,,,0.2044,0.7155,1,3,3,3,3,0,1,0,2,0,0,,0,0,1,1,1,0,0,2,1,8,10,1,1,9,2,0,3,57949,1480.8092,,2648.8671,2746.6865,141,3.6031,64,1.6354,55,268,6.8484,69710,44382,1134.1227,,68800,-0.00254037,,1109,253,,,34.8041,16679,19636,368,14896,18406,341,1783,1230,27,1,1,0,0,0,1,27324,30615,575,22593,29321,548,4731,1294,27,2,3,0,0,0,2
ESPORTSTMNT03_2714207,complete,,MSI,2022,,0,20/05/2022 12:55,1,12.08,200,Red,team,,,T1,oe:team:ce499dea30cfce118f4fe85da0227e8,,Vex,Wukong,Rakan,Nautilus,Leona,1990,1,15,9,30,15,9,2,1,0,0,1,,,,0.4523,0.7236,0,4,1,4,1,0,3,0,0,0,1,,0,0,1,2,0,1,2,0,1,11,0,1,1,7,1,4,0,59568,1796.0201,,1971.7387,1928.804,151,4.5528,76,2.2915,38,354,10.6734,68272,46596,1404.9045,,57000,0.145882,,942,266,,,36.4221,16605,18773,343,15230,18563,314,1375,210,29,3,2,2,2,3,3,25847,30582,578,24359,30312,528,1488,270,50,3,2,3,3,4,3
ESPORTSTMNT03_2714336,complete,,MSI,2022,,0,21/05/2022 9:50,1,12.08,100,Blue,team,,,T1,oe:team:ce499dea30cfce118f4fe85da0227e8,,Tristana,Galio,Volibear,Rakan,Gragas,1375,1,20,6,49,20,6,4,1,0,0,0,,,,0.8727,1.1345,0,1,2,1,2,0,0,1,0,0,0,,0,0,1,2,0,1,1,0,1,9,1,1,1,12,2,1,0,49397,2155.5055,,2346.72,1685.8473,77,3.36,25,1.0909,29,149,6.5018,50278,34875,1521.8182,,44208,0.246113,,641,188,,,36.1745,17956,19516,344,15250,18309,320,2706,1207,24,5,5,1,1,1,5,28708,31508,540,24582,30014,499,4126,1494,41,9,15,5,5,8,9
ESPORTSTMNT03_2714351,complete,,MSI,2022,,0,21/05/2022 11:41,1,12.08,200,Red,team,,,T1,oe:team:ce499dea30cfce118f4fe85da0227e8,,Lucian,Wukong,Nocturne,Viego,Lee Sin,1957,0,14,24,29,14,24,1,0,0,0,1,,,,0.4292,1.165,0,3,2,3,2,0,1,0,0,0,2,,0,0,1,1,1,1,1,1,1,6,9,0,1,7,1,0,1,68623,2103.9244,,2718.5488,1953.909,99,3.0353,47,1.441,41,214,6.5611,57754,36415,1116.4538,,56058,-0.0235692,,769,208,,,29.954,15817,18673,340,15411,17245,292,406,1428,48,2,1,3,3,11,2,27289,29941,520,25672,30786,498,1617,-845,22,6,8,8,8,17,6
ESPORTSTMNT03_2714405,complete,,MSI,2022,,0,22/05/2022 7:36,1,12.08,200,Red,team,,,T1,oe:team:ce499dea30cfce118f4fe85da0227e8,,Lucian,Wukong,Ahri,Lee Sin,Nocturne,1503,1,12,4,27,12,4,0,0,0,0,1,,,,0.479,0.6387,1,2,1,2,1,0,1,0,0,0,1,,0,0,1,2,0,1,1,0,1,8,1,1,1,8,3,1,0,45114,1800.9581,,2388.024,2088.7824,77,3.0739,35,1.3972,28,171,6.8263,50954,34245,1367.0659,,43483,0.115549,,660,196,,,34.1717,16300,18607,307,16043,19028,349,257,-421,-42,1,1,1,1,1,1,26313,30131,498,25104,30735,540,1209,-604,-42,3,3,3,3,4,3
ESPORTSTMNT03_2714443,complete,,MSI,2022,,0,22/05/2022 10:37,1,12.08,100,Blue,team,,,T1,oe:team:ce499dea30cfce118f4fe85da0227e8,,LeBlanc,Vex,Ahri,Nocturne,Ornn,2073,1,14,12,40,14,12,2,0,0,0,1,,,,0.4052,0.7525,0,2,3,2,3,0,0,0,1,0,1,,0,0,1,1,1,1,1,0,1,9,2,1,1,5,2,1,0,65701,1901.6208,,2562.547,2336.903,130,3.7627,63,1.8234,52,282,8.1621,66573,44050,1274.9638,,60558,0.142546,,884,243,,,32.6194,16178,17776,334,15305,17877,288,873,-101,46,2,3,3,3,2,2,27775,29634,542,23357,29249,476,4418,385,66,4,8,4,4,3,4
ESPORTSTMNT03_2714500,complete,,MSI,2022,,0,23/05/2022 9:11,1,12.08,100,Blue,team,,,T1,oe:team:ce499dea30cfce118f4fe85da0227e8,,LeBlanc,Yasuo,Twisted Fate,Rakan,Ezreal,1922,0,11,22,24,11,22,1,0,0,0,1,,,,0.3434,1.0302,0,3,1,3,1,1,0,0,0,0,2,3,0,0,1,2,0,0,0,2,1,5,8,1,1,10,1,0,1,67318,2101.4984,,3211.2799,2540.2289,113,3.5276,47,1.4672,51,236,7.3673,56118,35136,1096.8574,,53950,-0.0595794,,1027,221,,,38.9594,16437,17639,337,14512,17943,312,1925,-304,25,2,6,0,0,0,2,26238,28411,531,22028,28674,479,4210,-263,52,3,6,1,1,4,3
ESPORTSTMNT03_2714529,complete,,MSI,2022,,0,23/05/2022 11:09,1,12.08,200,Red,team,,,T1,oe:team:ce499dea30cfce118f4fe85da0227e8,,Lucian,Wukong,Ornn,Xayah,Tahm Kench,1305,1,18,9,44,18,9,1,0,0,0,0,,,,0.8276,1.2414,1,1,2,1,2,0,0,0,1,0,0,1,0,0,0,1,1,0,0,0,1,9,2,1,1,11,5,1,0,40934,1882.023,,2084.3678,1466.1149,74,3.4023,35,1.6092,33,136,6.2529,44670,29981,1378.4368,,39760,0.0892503,,682,113,,,36.5517,16185,18054,324,16885,18783,308,-700,-729,16,1,0,5,5,5,1,27300,29143,511,25366,28063,488,1934,1080,23,6,11,6,6,8,6
ESPORTSTMNT03_2714582,complete,,MSI,2022,,0,24/05/2022 7:55,1,12.08,200,Red,team,,,T1,oe:team:ce499dea30cfce118f4fe85da0227e8,,Ahri,Lucian,Wukong,Ezreal,Senna,1406,1,24,9,54,24,9,6,0,0,0,1,,,,1.0242,1.4083,1,2,0,2,0,0,0,0,1,0,1,2,0,0,1,2,0,1,1,0,1,10,0,1,1,11,0,2,0,60488,2581.2802,,2338.8478,1723.229,71,3.0299,31,1.3229,29,164,6.9986,52871,37152,1585.4339,,44485,0.233043,,753,159,,,38.9189,17663,19403,336,15031,17515,301,2632,1888,35,3,2,2,2,2,3,28749,30601,519,23940,28901,469,4809,1700,50,6,9,6,6,7,6
ESPORTSTMNT03_2714611,complete,,MSI,2022,,0,24/05/2022 10:13,1,12.08,100,Blue,team,,,T1,oe:team:ce499dea30cfce118f4fe85da0227e8,,Jax,Galio,Volibear,Ezreal,Kai'Sa,1949,1,12,10,29,12,10,1,0,0,0,1,,,,0.3694,0.6773,0,3,2,3,2,0,0,3,0,0,0,,0,0,1,2,0,1,1,0,1,8,3,1,1,6,1,1,0,56796,1748.4659,,2640.4926,2455.567,125,3.8481,55,1.6932,42,267,8.2196,62011,40753,1254.5818,,53530,-0.0514706,,943,235,,,36.2648,15451,18458,344,16457,19250,324,-1006,-792,20,1,1,3,3,4,1,24652,29540,543,25694,31155,525,-1042,-1615,18,1,1,5,5,7,1
ESPORTSTMNT03_2714838,complete,,MSI,2022,,0,28/05/2022 8:17,1,12.08,100,Blue,team,,,T1,oe:team:ce499dea30cfce118f4fe85da0227e8,,Yasuo,Ornn,Nocturne,Kai'Sa,Senna,1451,1,13,7,27,13,7,1,0,0,0,1,,,,0.5376,0.827,1,3,0,3,0,1,1,0,0,0,1,3,0,0,1,2,0,1,1,0,1,11,0,1,1,13,2,2,0,44409,1836.3473,,2150.0345,1413.9904,82,3.3908,42,1.7367,36,189,7.8153,50878,34700,1434.8725,,46945,0.276038,,826,197,,,42.3019,19484,18254,306,15977,16556,278,3507,1698,28,4,6,4,4,6,4,29739,30204,536,23557,26636,446,6182,3568,90,5,9,5,5,9,5
ESPORTSTMNT03_2714847,complete,,MSI,2022,,0,28/05/2022 9:04,2,12.08,200,Red,team,,,T1,oe:team:ce499dea30cfce118f4fe85da0227e8,,Lucian,Wukong,Ornn,Renata Glasc,Kai'Sa,1932,1,18,11,41,18,11,1,0,0,0,1,,,,0.559,0.9006,0,1,2,1,2,0,0,1,0,0,0,1,0,0,0,1,1,1,1,0,1,11,2,1,1,8,5,2,0,69899,2170.7764,,2370.4037,2215.6832,122,3.7888,43,1.3354,41,252,7.8261,65616,44532,1382.9814,,58930,0.185527,,1164,268,,,44.472,16588,19050,355,14895,17923,327,1693,1127,28,2,4,1,1,2,2,26454,30288,559,23174,27478,501,3280,2810,58,3,6,2,2,4,3
ESPORTSTMNT03_2714848,complete,,MSI,2022,,0,28/05/2022 9:38,3,12.08,200,Red,team,,,T1,oe:team:ce499dea30cfce118f4fe85da0227e8,,Lucian,Wukong,Ahri,Rakan,Nautilus,1242,1,22,6,42,22,6,3,1,0,0,0,,,,1.0628,1.3043,1,2,0,2,0,0,0,1,1,0,0,,0,0,1,2,0,0,0,0,1,8,0,1,1,13,3,1,0,56759,2741.9807,,3208.4058,2136.9082,75,3.6232,21,1.0145,32,149,7.1981,45173,31127,1503.7198,,41358,0.357656,,514,140,,,31.5942,16581,18058,301,14407,16307,266,2174,1751,35,3,5,2,1,2,3,29950,30323,486,21412,25120,412,8538,5203,74,9,14,3,2,5,9
ESPORTSTMNT03_2714860,complete,,MSI,2022,,0,29/05/2022 7:43,1,12.08,200,Red,team,,,T1,oe:team:ce499dea30cfce118f4fe85da0227e8,,Ahri,Lucian,Wukong,Kai'Sa,Kalista,1993,0,6,19,17,6,19,1,0,0,0,0,,,,0.1806,0.7526,0,0,4,0,4,0,0,0,0,0,0,,0,0,0,1,1,0,0,1,1,3,10,1,1,9,3,0,2,60615,1824.8369,,2072.6944,1480.1004,126,3.7933,48,1.4451,55,268,8.0682,55176,33469,1007.5966,,52720,-0.128755,,907,214,,,33.7481,16826,19785,372,15783,18690,328,1043,1095,44,0,0,2,2,4,0,26160,30578,562,24791,29338,510,1369,1240,52,2,5,4,4,9,2
ESPORTSTMNT03_2714868,complete,,MSI,2022,,0,29/05/2022 9:00,2,12.08,100,Blue,team,,,T1,oe:team:ce499dea30cfce118f4fe85da0227e8,,Galio,Jax,Nautilus,Aatrox,Rakan,1565,1,15,5,23,15,5,4,1,0,0,0,,,,0.5751,0.7668,0,1,2,1,2,0,0,0,0,0,1,,0,0,1,2,0,0,0,1,1,8,2,1,1,8,4,1,0,47358,1815.6422,,2282.0319,1453.4185,90,3.4505,37,1.4185,39,172,6.5942,51077,33736,1293.393,,44838,0.0642221,,752,156,,,34.8115,16425,18973,334,15732,18398,329,693,575,5,3,1,1,1,1,3,26698,30692,538,24317,30067,518,2381,625,20,5,1,3,3,4,5
ESPORTSTMNT03_2714869,complete,,MSI,2022,,0,29/05/2022 9:50,3,12.08,200,Red,team,,,T1,oe:team:ce499dea30cfce118f4fe85da0227e8,,Lucian,Galio,Jax,Tristana,Kai'Sa,1698,0,8,24,17,8,24,1,0,0,0,0,,,,0.2827,1.1307,0,0,3,0,3,0,0,0,0,0,0,,0,0,0,0,2,0,0,1,0,3,11,0,0,4,6,0,2,47892,1692.2968,,2802.9682,2070.9894,104,3.6749,31,1.0954,36,191,6.7491,47998,29300,1035.3357,,46050,-0.108985,,726,146,,,30.8127,15517,16599,290,17418,17748,283,-1901,-1149,7,3,6,7,7,10,3,24193,27115,495,28138,29503,495,-3945,-2388,0,3,6,9,9,14,3
ESPORTSTMNT03_2714870,complete,,MSI,2022,,0,29/05/2022 10:46,4,12.08,100,Blue,team,,,T1,oe:team:ce499dea30cfce118f4fe85da0227e8,,Galio,Viego,Nautilus,Rakan,Irelia,1787,1,10,3,29,10,3,3,0,0,0,0,,,,0.3358,0.4365,0,3,1,3,1,2,0,0,1,0,0,,0,0,1,2,0,1,1,0,1,8,2,1,1,7,2,1,0,44305,1487.5769,,2039.8993,1607.7784,117,3.9284,53,1.7795,52,243,8.1589,54497,34892,1171.5277,,48025,0.103822,,795,193,,,33.1729,14338,16846,308,14312,16560,285,26,286,23,0,0,1,1,1,0,24782,26664,507,21973,27286,481,2809,-622,26,0,0,1,1,1,0
ESPORTSTMNT03_2714871,complete,,MSI,2022,,0,29/05/2022 11:38,5,12.08,200,Red,team,,,T1,oe:team:ce499dea30cfce118f4fe85da0227e8,,Lucian,Viego,Nautilus,Ezreal,Kai'Sa,1539,0,3,15,7,3,15,0,0,0,0,0,,,,0.117,0.7018,0,0,4,0,4,0,0,0,0,0,0,,0,0,0,0,2,0,0,1,0,1,8,0,0,4,7,0,1,30030,1170.7602,,1837.3099,1140.5458,68,2.6511,30,1.1696,29,149,5.809,38509,21433,835.5945,,36510,-0.20181,,667,133,,,31.1891,14513,17257,304,15994,17640,304,-1481,-383,0,1,1,4,4,5,1,22809,27916,485,26299,28870,516,-3490,-954,-31,2,4,5,5,7,2
ESPORTSTMNT05_2780049,complete,,LCK,2022,Summer,0,17/06/2022 10:02,1,12.1,100,Blue,team,,,T1,oe:team:ce499dea30cfce118f4fe85da0227e8,,Azir,Taliyah,Tahm Kench,Kayle,Kennen,2289,1,16,1,44,16,1,1,0,0,0,1,,,,0.4194,0.4456,0,4,1,4,1,1,3,0,0,0,0,,0,0,1,1,1,1,2,1,1,11,1,1,1,6,0,3,0,87928,2304.7969,,2332.8965,2808.6501,128,3.3552,89,2.3329,54,386,10.118,78805,54079,1417.536,,74008,0.224249,,1107,327,,,37.5885,15473,18923,331,14815,18977,333,658,-54,-2,0,0,0,0,0,0,25186,30236,532,22455,29885,528,2731,351,4,1,3,0,0,0,1
ESPORTSTMNT05_2780070,complete,,LCK,2022,Summer,0,17/06/2022 11:56,2,12.1,200,Red,team,,,T1,oe:team:ce499dea30cfce118f4fe85da0227e8,,Gwen,Lucian,Xayah,Kayle,Jayce,2788,1,19,25,27,19,25,3,1,1,0,0,,,,0.4089,0.9469,0,0,6,0,4,0,0,0,0,0,0,,0,2,1,2,0,1,3,0,1,9,6,1,1,10,4,1,2,130567,2809.9067,,3411.4132,2383.8164,185,3.9813,82,1.7647,57,417,8.9742,89598,59782,1286.5567,,84141,0.0229363,,1129,312,,,31.0115,15789,19148,339,15125,18809,310,664,339,29,0,0,0,0,0,0,26388,29690,516,25818,30940,490,570,-1250,26,2,1,4,4,7,2
ESPORTSTMNT02_2830769,complete,,LCK,2022,Summer,0,19/06/2022 6:55,1,12.1,200,Red,team,,,T1,oe:team:ce499dea30cfce118f4fe85da0227e8,,Lucian,Taliyah,Gwen,Kayle,Gangplank,1916,0,4,18,5,4,18,0,0,0,0,0,,,,0.1253,0.6889,1,1,4,1,4,1,0,0,0,0,0,,0,0,0,0,2,1,2,0,1,2,8,0,0,4,4,0,1,51047,1598.5491,,3215.1983,3137.2234,118,3.6952,46,1.4405,49,239,7.4843,56072,35151,1100.762,,53483,-0.0403056,,947,235,,,37.0146,15534,19459,370,15463,19004,351,71,455,19,0,0,0,0,0,0,25637,32083,605,25156,31443,556,481,640,49,1,0,2,2,3,1
ESPORTSTMNT02_2830808,complete,,LCK,2022,Summer,0,19/06/2022 8:47,2,12.1,100,Blue,team,,,T1,oe:team:ce499dea30cfce118f4fe85da0227e8,,Taliyah,Kayle,Sejuani,Nautilus,Ezreal,1839,1,11,7,29,11,7,1,0,0,0,0,,,,0.3589,0.5873,0,1,4,0,4,0,0,0,0,0,0,,1,0,0,0,2,1,1,0,0,9,3,1,1,5,7,2,0,57408,1873.0179,,2320.6852,1873.2463,115,3.752,42,1.3703,43,219,7.1452,61246,41110,1341.2724,,54258,0.0725773,,871,232,,,35.9869,15771,18342,348,16258,19204,324,-487,-862,24,0,0,3,3,5,0,24978,29961,579,26380,30938,538,-1402,-977,41,0,0,4,4,6,0
ESPORTSTMNT02_2840731,complete,,LCK,2022,Summer,0,19/06/2022 10:12,3,12.1,200,Red,team,,,T1,oe:team:ce499dea30cfce118f4fe85da0227e8,,Lucian,Taliyah,Gwen,Kalista,Ezreal,2660,1,18,19,44,18,19,1,1,1,0,1,,,,0.406,0.8346,1,3,4,3,4,0,1,2,0,0,0,,0,0,0,1,1,0,2,2,1,9,7,1,1,9,0,2,1,92219,2080.1278,,3264.3609,3283.8947,173,3.9023,82,1.8496,81,373,8.4135,85739,57229,1290.8797,,80918,0.0370438,,1155,306,,,32.9549,16425,19620,370,14637,18094,330,1788,1526,40,1,3,0,0,0,1,27686,31570,580,23634,29655,505,4052,1915,75,4,7,3,3,9,4
ESPORTSTMNT03_2794885,complete,,LCK,2022,Summer,0,23/06/2022 11:10,1,12.11,100,Blue,team,,,T1,oe:team:ce499dea30cfce118f4fe85da0227e8,,Vi,Ahri,Akali,Gnar,Aphelios,1596,1,16,5,44,16,5,3,0,0,0,0,,,,0.6015,0.7895,1,2,1,2,1,0,1,0,0,0,1,,0,0,1,2,0,1,1,0,1,10,2,1,1,9,2,2,0,59878,2251.0526,,2945.7519,2358.8346,73,2.7444,44,1.6541,34,175,6.5789,55585,37928,1425.8647,,49075,0.119069,,732,198,,,34.9624,15939,19173,345,15789,19013,340,150,160,5,0,0,1,1,1,0,27022,31598,552,24018,29781,540,3004,1817,12,3,6,2,2,3,3
ESPORTSTMNT03_2794935,complete,,LCK,2022,Summer,0,23/06/2022 12:19,2,12.11,200,Red,team,,,T1,oe:team:ce499dea30cfce118f4fe85da0227e8,,Lucian,Zeri,Wukong,Gnar,Gwen,1442,1,13,4,32,13,4,2,0,0,0,0,,,,0.5409,0.7074,0,1,1,1,1,1,0,0,0,0,0,,0,0,1,2,0,0,0,0,1,9,0,1,1,6,1,1,0,46261,1924.8682,,2447.3093,1909.2233,84,3.4951,39,1.6227,25,181,7.5312,46404,30318,1261.4979,,41225,0.195008,,608,167,,,32.2469,16171,17652,307,14819,17010,279,1352,642,28,2,4,1,1,2,2,27904,28757,486,22647,27776,467,5257,981,19,6,14,2,2,4,6
ESPORTSTMNT03_2786350,complete,,LCK,2022,Summer,0,25/06/2022 8:10,1,12.11,200,Red,team,,,T1,oe:team:ce499dea30cfce118f4fe85da0227e8,,Lucian,Corki,Wukong,Poppy,Gwen,1895,1,11,8,25,11,8,1,0,0,0,0,,,,0.3483,0.6016,1,4,0,4,0,0,1,1,0,0,2,,0,0,0,0,2,1,2,0,1,9,3,0,0,3,5,1,0,69987,2215.9472,,3149.5726,3307.4406,146,4.6227,55,1.7414,48,301,9.5303,62002,41295,1307.4934,,55975,0.0860896,,823,231,,,33.372,15630,18841,338,16074,19158,337,-444,-317,1,1,2,1,1,0,1,25025,29775,547,26470,30802,525,-1445,-1027,22,1,2,4,4,9,1
ESPORTSTMNT03_2786361,complete,,LCK,2022,Summer,0,25/06/2022 8:47,2,12.11,200,Red,team,,,T1,oe:team:ce499dea30cfce118f4fe85da0227e8,,Lucian,Corki,Wukong,Poppy,Rakan,1907,1,18,11,45,18,11,1,0,0,0,1,,,,0.5663,0.9124,1,4,1,4,1,0,1,2,1,0,0,,0,0,1,2,0,1,2,0,1,8,2,1,1,4,2,1,0,66939,2106.1038,,3234.3996,3963.3036,131,4.1217,67,2.108,57,270,8.495,61906,41077,1292.4069,,53475,0.027296,,811,199,,,31.7777,16795,19207,345,15945,19454,372,850,-247,-27,3,3,0,0,0,3,26159,30047,539,25887,32289,583,272,-2242,-44,6,10,3,3,8,6
ESPORTSTMNT06_2500018,complete,,LCK,2022,Summer,0,29/06/2022 10:44,1,12.11,100,Blue,team,,,T1,oe:team:ce499dea30cfce118f4fe85da0227e8,,Ahri,Twisted Fate,Nautilus,Akali,Gangplank,1675,1,10,8,23,10,8,0,0,0,0,1,,,,0.3582,0.6448,1,3,0,3,0,0,1,1,0,0,1,,0,0,0,1,1,1,1,0,1,10,0,1,1,4,2,2,0,74955,2684.9552,,2476.9433,1657.4687,111,3.9761,48,1.7194,44,249,8.9194,54952,36489,1307.0687,,50085,0.145887,,754,201,,,34.209,16366,16513,282,15781,16906,264,585,-393,18,3,5,4,4,12,3,25012,28684,509,23347,27738,447,1665,946,62,3,5,4,4,12,3
ESPORTSTMNT06_2500033,complete,,LCK,2022,Summer,0,29/06/2022 12:22,2,12.11,100,Blue,team,,,T1,oe:team:ce499dea30cfce118f4fe85da0227e8,,Ahri,Twisted Fate,Yuumi,Ornn,Akali,1876,0,2,12,3,2,12,0,0,0,0,0,,,,0.064,0.4478,0,1,3,1,3,0,0,1,0,0,0,,0,0,1,1,1,0,0,1,0,4,6,0,1,6,1,0,1,43397,1387.9638,,2922.8571,2272.1962,106,3.3902,58,1.855,51,248,7.9318,52626,32113,1027.0682,,52425,0.103141,,910,214,,,35.9488,14977,17266,307,15761,17779,276,-784,-513,31,1,2,3,3,7,1,23935,27645,514,23378,28063,440,557,-418,74,1,2,4,4,8,1
ESPORTSTMNT06_2500037,complete,,LCK,2022,Summer,0,29/06/2022 13:16,3,12.11,100,Blue,team,,,T1,oe:team:ce499dea30cfce118f4fe85da0227e8,,Ahri,Senna,Kalista,Ezreal,Swain,2331,0,10,19,27,10,19,1,0,0,0,1,,,,0.2574,0.7465,1,2,4,2,4,0,1,0,1,0,0,,0,0,0,0,2,0,0,1,1,6,9,0,0,4,5,0,1,67580,1739.5109,,2731.7632,2669.7297,140,3.6036,73,1.879,53,317,8.1596,71047,45893,1181.287,,68923,0.0714549,,1115,281,,,35.9331,16820,18575,335,15502,18760,306,1318,-185,29,3,5,2,2,4,3,25649,30308,562,23989,29188,499,1660,1120,63,3,5,3,3,6,3
ESPORTSTMNT06_2500166,complete,,LCK,2022,Summer,0,1/07/2022 9:37,1,12.11,100,Blue,team,,,T1,oe:team:ce499dea30cfce118f4fe85da0227e8,,Ornn,Akali,Wukong,Olaf,Kayle,2340,1,18,10,40,18,10,2,0,0,0,0,,,,0.4615,0.7179,0,3,3,3,3,2,0,1,0,0,0,,0,0,1,1,1,0,1,1,0,8,4,0,0,4,3,2,0,91855,2355.2564,,2824.3846,3249.8974,129,3.3077,67,1.7179,48,292,7.4872,72885,47639,1221.5128,,66550,0.0306195,,1015,276,,,33.1026,15368,19082,318,17384,19260,341,-2016,-178,-23,1,0,4,4,7,1,24132,30998,522,26330,31665,565,-2198,-667,-43,2,0,5,5,9,2
ESPORTSTMNT06_2500194,complete,,LCK,2022,Summer,0,1/07/2022 11:48,2,12.11,100,Blue,team,,,T1,oe:team:ce499dea30cfce118f4fe85da0227e8,,Ornn,Wukong,Amumu,Sylas,Orianna,1795,1,16,2,42,16,2,2,0,0,0,1,,,,0.5348,0.6017,0,4,1,4,1,0,0,1,0,0,3,,0,0,0,0,2,0,0,0,1,7,2,0,1,3,4,1,0,63697,2129.1476,,3054.7187,2345.9164,88,2.9415,50,1.6713,41,229,7.6546,55967,36280,1212.7019,,47975,0.0259713,,832,193,,,34.2618,15646,17981,317,15376,18043,328,270,-62,-11,2,3,1,1,1,2,23294,28148,498,23760,28918,529,-466,-770,-31,2,3,1,1,1,2
ESPORTSTMNT04_2411346,complete,,LCK,2022,Summer,0,8/07/2022 7:03,1,12.12,200,Red,team,,,T1,oe:team:ce499dea30cfce118f4fe85da0227e8,,Zeri,Lucian,Corki,Ezreal,Ashe,1821,0,3,9,7,3,9,0,0,0,0,0,,,,0.0988,0.3954,0,1,4,1,4,0,0,0,1,0,0,,0,0,1,2,0,0,0,1,0,1,10,0,0,0,6,0,2,44307,1459.8682,,2963.6244,1975.8814,80,2.6359,37,1.2191,31,168,5.5354,47877,27925,920.0988,,45708,-0.148368,,873,146,,,33.575,15212,18911,350,16093,18643,343,-881,268,7,0,0,1,1,2,0,22588,28917,531,26909,31641,572,-4321,-2724,-41,0,0,3,3,8,0
ESPORTSTMNT04_2411358,complete,,LCK,2022,Summer,0,8/07/2022 8:39,2,12.12,100,Blue,team,,,T1,oe:team:ce499dea30cfce118f4fe85da0227e8,,Sylas,Poppy,Yuumi,Sejuani,Ornn,1820,1,13,8,24,13,8,1,0,0,0,1,,,,0.4286,0.6923,1,3,0,3,0,0,1,1,1,0,0,,0,0,1,2,0,1,1,0,1,7,0,1,1,6,2,1,0,56192,1852.4835,,2538.989,2017.1868,140,4.6154,52,1.7143,49,265,8.7363,59098,39156,1290.8571,,52883,0.103415,,848,227,,,35.4396,16437,19165,347,15045,18247,326,1392,918,21,2,3,0,0,0,2,25021,30363,528,23346,28880,525,1675,1483,3,3,4,1,1,3,3
ESPORTSTMNT04_2411364,complete,,LCK,2022,Summer,0,8/07/2022 9:34,3,12.12,200,Red,team,,,T1,oe:team:ce499dea30cfce118f4fe85da0227e8,,Poppy,Zeri,Lucian,Gangplank,Sejuani,1903,1,9,3,24,9,3,1,0,0,0,0,,,,0.2838,0.3783,0,3,2,3,2,0,3,0,0,0,0,,0,0,0,1,1,1,1,0,0,8,2,1,1,7,5,1,0,71464,2253.2002,,2430.5518,2491.4346,109,3.4367,41,1.2927,42,213,6.7157,58096,37307,1176.2585,,49358,0.0350038,,844,212,,,33.2948,16164,18331,334,16233,18799,330,-69,-468,4,1,1,1,1,1,1,25269,29397,520,26182,30232,534,-913,-835,-14,2,4,2,2,2,2
ESPORTSTMNT04_2411526,complete,,LCK,2022,Summer,0,10/07/2022 11:06,1,12.12,100,Blue,team,,,T1,oe:team:ce499dea30cfce118f4fe85da0227e8,,Corki,Kalista,Poppy,Nautilus,Rell,1755,1,13,8,39,13,8,2,0,0,0,0,,,,0.4444,0.7179,0,0,4,0,4,0,0,0,0,0,0,0,0,0,0,1,1,0,0,0,1,7,0,1,1,4,4,1,0,56519,1932.2735,,2273.2308,1432.0684,105,3.5897,54,1.8462,30,224,7.6581,53810,34531,1180.547,,47858,0.0314752,,992,192,,,40.4786,16684,19118,325,16095,18263,327,589,855,-2,3,5,3,3,5,3,25459,29725,515,23747,28199,509,1712,1526,6,4,7,3,3,5,4
ESPORTSTMNT04_2411536,complete,,LCK,2022,Summer,0,10/07/2022 11:58,2,12.12,200,Red,team,,,T1,oe:team:ce499dea30cfce118f4fe85da0227e8,,Corki,Amumu,Samira,Renata Glasc,Rakan,1422,1,26,11,65,26,11,3,2,0,0,0,,,,1.097,1.5612,1,4,0,4,0,1,0,2,0,0,1,4,0,0,1,1,1,1,1,0,1,9,0,1,1,11,2,1,0,56037,2364.4304,,2853.3333,2913.6287,71,2.9958,32,1.3502,31,173,7.2996,55525,39643,1672.7004,,50275,0.256812,,820,200,,,43.038,20074,19833,330,16288,17509,313,3786,2324,17,7,18,4,4,6,7,29955,31872,542,24434,28445,498,5521,3427,44,8,20,5,5,8,8
ESPORTSTMNT05_2951501,complete,,LCK,2022,Summer,0,13/07/2022 8:09,1,12.12,200,Red,team,,,T1,oe:team:ce499dea30cfce118f4fe85da0227e8,,Amumu,Gnar,Zeri,Sejuani,Viego,1961,1,11,8,26,11,8,1,0,0,0,0,,,,0.3366,0.5813,1,3,2,3,2,1,2,0,0,0,0,,0,0,0,1,1,1,1,0,1,11,4,1,1,9,4,3,0,76634,2344.7425,,2514.768,2723.9878,106,3.2432,53,1.6216,43,242,7.4044,62272,40892,1251.1576,,53675,-0.00529568,,900,226,,,34.4518,15679,18032,329,15547,17730,296,132,302,33,1,2,2,2,2,1,25465,29565,531,23958,28617,477,1507,948,54,2,3,3,3,3,2
ESPORTSTMNT05_2951513,complete,,LCK,2022,Summer,0,13/07/2022 8:47,2,12.12,200,Red,team,,,T1,oe:team:ce499dea30cfce118f4fe85da0227e8,,Amumu,Lucian,Zeri,Rakan,Kalista,2205,0,10,20,22,10,20,1,0,0,0,0,,,,0.2721,0.8163,0,1,4,1,4,1,0,0,0,0,0,,0,0,1,1,1,1,1,1,0,3,11,0,0,7,0,0,3,69623,1894.5034,,2718.7755,2101.6871,166,4.517,78,2.1224,59,304,8.2721,63737,39868,1084.8435,,60608,-0.0908311,,980,227,,,32.8435,17058,18139,341,15165,17787,320,1893,352,21,4,6,2,2,2,4,26169,30013,559,24371,30833,538,1798,-820,21,4,6,4,4,4,4
ESPORTSTMNT05_2951542,complete,,LCK,2022,Summer,0,13/07/2022 9:56,3,12.12,100,Blue,team,,,T1,oe:team:ce499dea30cfce118f4fe85da0227e8,,Poppy,Swain,Amumu,Ezreal,Aphelios,1827,1,11,3,22,11,3,1,1,0,0,1,,,,0.3612,0.4598,1,4,1,4,1,0,0,1,3,0,0,,0,0,1,2,0,0,1,1,1,10,2,1,1,10,2,2,0,60917,2000.5583,,2568.0788,2320.4269,100,3.2841,46,1.5107,37,243,7.9803,62667,42654,1400.7882,,56325,0.123809,,921,271,,,39.1461,16809,19905,346,14197,17127,298,2612,2778,48,3,3,0,0,0,3,28206,31575,555,22780,28980,492,5426,2595,63,5,6,1,1,3,5
ESPORTSTMNT05_2942496,complete,,LCK,2022,Summer,0,16/07/2022 9:46,1,12.12,200,Red,team,,,T1,oe:team:ce499dea30cfce118f4fe85da0227e8,,Corki,Zeri,Amumu,Diana,Ahri,1617,1,13,1,32,13,1,1,0,0,0,1,,,,0.4824,0.5195,1,3,0,3,0,0,1,0,1,0,1,,0,0,0,1,1,1,1,0,1,9,2,1,1,2,2,2,0,64701,2400.7792,,2518.0705,2254.397,78,2.8942,31,1.1503,31,193,7.1614,52715,34844,1292.9128,,43233,0.12322,,718,195,,,33.8776,15382,18376,354,14966,17750,309,416,626,45,0,0,0,0,0,0,23110,28977,558,23140,28685,497,-30,292,61,0,0,0,0,0,0
ESPORTSTMNT05_2942515,complete,,LCK,2022,Summer,0,16/07/2022 11:36,2,12.12,200,Red,team,,,T1,oe:team:ce499dea30cfce118f4fe85da0227e8,,Zeri,Corki,Lucian,Poppy,Swain,1928,1,18,15,45,18,15,2,1,0,0,0,,,,0.5602,1.027,1,2,3,2,3,1,0,0,1,0,0,,0,0,0,0,2,1,2,0,0,10,5,1,1,2,5,1,0,83419,2596.027,,2577.8527,2039.5021,148,4.6058,45,1.4004,44,275,8.5581,69213,48169,1499.0353,,63258,0.108319,,901,229,,,35.166,16584,19004,344,17331,17935,311,-747,1069,33,2,5,6,6,7,2,26208,29935,529,27383,29410,502,-1175,525,27,4,9,10,10,16,4
ESPORTSTMNT05_2990357,complete,,LCK,2022,Summer,0,21/07/2022 6:43,1,12.12,100,Blue,team,,,T1,oe:team:ce499dea30cfce118f4fe85da0227e8,,Seraphine,Sylas,Poppy,Gangplank,Trundle,1852,0,4,17,9,4,17,0,0,0,0,0,,,,0.1296,0.6803,0,2,2,2,2,1,1,0,0,0,0,,0,0,1,2,0,0,0,2,1,4,8,0,0,7,3,0,1,47262,1531.1663,,2507.1382,1985.1512,104,3.3693,49,1.5875,46,232,7.5162,53592,33324,1079.6112,,52558,-0.0385696,,856,205,,,34.3737,15887,19332,373,15622,18721,339,265,611,34,0,0,1,1,2,0,25677,28811,534,25553,30177,504,124,-1366,30,2,4,6,6,13,2
ESPORTSTMNT05_2990375,complete,,LCK,2022,Summer,0,21/07/2022 8:39,2,12.12,100,Blue,team,,,T1,oe:team:ce499dea30cfce118f4fe85da0227e8,,Seraphine,Amumu,Gnar,Nocturne,Trundle,1945,1,16,11,39,16,11,3,0,0,0,1,,,,0.4936,0.8329,0,3,2,3,2,0,1,0,0,0,2,,0,0,1,2,0,1,2,0,1,9,2,1,1,5,2,1,0,73868,2278.7044,,2544.4936,2379.1465,136,4.1954,47,1.4499,42,266,8.2057,64750,43533,1342.9203,,58650,0.117176,,818,213,,,31.8046,16697,18180,303,15935,17867,314,762,313,-11,3,6,2,2,3,3,25800,30065,501,24530,28791,491,1270,1274,10,5,9,5,5,8,5
ESPORTSTMNT05_2990380,complete,,LCK,2022,Summer,0,21/07/2022 9:35,3,12.12,100,Blue,team,,,T1,oe:team:ce499dea30cfce118f4fe85da0227e8,,Seraphine,Amumu,Gnar,Nocturne,Gangplank,2403,1,11,10,32,11,10,1,0,0,0,0,,,,0.2747,0.5243,1,4,3,4,3,0,1,0,0,0,3,,0,0,0,1,1,1,1,0,0,9,3,1,1,2,4,1,0,77617,1938.0025,,2424.4944,2413.5581,187,4.6692,74,1.8477,67,381,9.5131,70460,44571,1112.8839,,61725,-0.0239305,,902,299,,,29.9875,14047,17513,299,15304,18254,327,-1257,-741,-28,0,0,1,1,2,0,22829,27847,474,23901,29202,531,-1072,-1355,-57,1,3,2,2,4,1
ESPORTSTMNT05_2980556,complete,,LCK,2022,Summer,0,23/07/2022 6:15,1,12.12,200,Red,team,,,T1,oe:team:ce499dea30cfce118f4fe85da0227e8,,Zeri,Sylas,Corki,Wukong,,1956,0,6,16,10,6,16,0,0,0,0,1,,,,0.184,0.6748,0,1,4,1,4,1,0,0,0,0,0,,0,0,0,1,1,0,0,2,1,4,11,1,1,3,6,0,4,59896,1837.3006,,2801.8405,2621.7178,104,3.1902,49,1.5031,42,221,6.7791,55760,34431,1056.1656,,51600,-0.0738722,,895,201,,,33.6196,16200,18238,345,15595,17727,312,605,511,33,2,4,3,3,8,2,26423,30267,563,24602,28758,509,1821,1509,54,3,5,3,3,8,3
ESPORTSTMNT05_2980569,complete,,LCK,2022,Summer,0,23/07/2022 8:41,2,12.12,100,Blue,team,,,T1,oe:team:ce499dea30cfce118f4fe85da0227e8,,Ryze,Kalista,Taliyah,Gangplank,Tahm Kench,2016,1,15,9,25,15,9,2,0,0,0,0,,,,0.4464,0.7143,0,3,2,3,2,0,0,0,3,0,0,,0,0,1,1,1,1,2,0,1,9,0,1,1,7,3,1,0,66536,1980.2381,,3072.7679,2924.9405,129,3.8393,68,2.0238,43,295,8.7798,66593,44652,1328.9286,,62763,0.144955,,901,264,,,34.6726,16774,18563,316,16427,18525,335,347,38,-19,2,1,2,2,3,2,26320,30648,527,25706,29790,532,614,858,-5,4,4,4,4,5,4
ESPORTSTMNT05_2980571,complete,,LCK,2022,Summer,0,23/07/2022 9:44,3,12.12,200,Red,team,,,T1,oe:team:ce499dea30cfce118f4fe85da0227e8,,Zeri,Kalista,Sylas,Senna,Renata Glasc,2268,1,17,10,46,17,10,1,1,0,0,1,,,,0.4497,0.7143,1,5,1,4,0,0,2,1,1,0,0,,1,1,1,2,0,1,2,0,1,8,4,1,1,8,5,1,0,86241,2281.5079,,2485.3439,3733.254,154,4.0741,58,1.5344,56,298,7.8836,71249,46737,1236.4286,,65493,0.115646,,901,265,,,30.8466,16283,18303,325,14827,18216,313,1456,87,12,3,6,1,1,3,3,26389,28976,520,23451,27635,476,2938,1341,44,4,9,2,2,5,4
ESPORTSTMNT06_2540974,complete,,LCK,2022,Summer,0,27/07/2022 6:14,1,12.13,100,Blue,team,,,T1,oe:team:ce499dea30cfce118f4fe85da0227e8,,Sylas,Lucian,Kalista,Sejuani,Wukong,1825,1,12,3,34,12,3,2,0,0,0,1,,,,0.3945,0.4932,0,2,2,2,2,2,0,0,0,0,0,,0,0,1,1,1,1,1,0,1,9,2,0,1,8,3,1,0,59762,1964.7781,,2598.2137,2404.5041,113,3.7151,44,1.4466,41,217,7.1342,59845,39852,1310.2027,,51283,0.115788,,865,197,,,34.9151,16825,16805,309,15396,18602,339,1429,-1797,-30,1,2,0,0,0,1,25010,27945,512,24189,30453,547,821,-2508,-35,1,2,2,2,5,1
ESPORTSTMNT06_2531013,complete,,LCK,2022,Summer,0,27/07/2022 8:40,2,12.13,200,Red,team,,,T1,oe:team:ce499dea30cfce118f4fe85da0227e8,,Sylas,Kalista,Taliyah,Gangplank,Renekton,2008,0,6,14,19,6,14,0,0,0,0,1,,,,0.1793,0.5976,0,1,4,1,4,0,0,1,0,0,0,,0,0,1,2,0,0,0,2,1,6,8,1,1,10,3,0,1,51588,1541.4741,,2665.249,2764.8406,124,3.7052,34,1.0159,46,217,6.4841,55668,33808,1010.1992,,53933,-0.0232194,,855,195,,,31.3745,15873,19719,374,15464,19320,356,409,399,18,0,0,0,0,0,0,25764,29928,554,24151,31592,535,1613,-1664,19,1,3,2,2,4,1
ESPORTSTMNT06_2531015,complete,,LCK,2022,Summer,0,27/07/2022 9:37,3,12.13,100,Blue,team,,,T1,oe:team:ce499dea30cfce118f4fe85da0227e8,,Sylas,Kalista,Lucian,Skarner,Wukong,1930,1,12,8,39,12,8,2,1,1,1,0,,,,0.3731,0.6218,1,3,2,3,2,0,1,1,1,0,0,,0,0,1,2,0,1,1,0,0,8,3,1,1,8,5,1,0,70505,2191.8653,,2273.4404,2289.3575,100,3.1088,43,1.3368,42,218,6.7772,57321,36257,1127.1606,,49900,-0.0288367,,763,215,,,30.4041,15120,18034,330,16208,17631,312,-1088,403,18,0,0,3,3,5,0,24036,28152,503,25463,29913,511,-1427,-1761,-8,1,1,5,5,8,1
ESPORTSTMNT06_2531456,complete,,LCK,2022,Summer,0,30/07/2022 10:41,1,12.13,100,Blue,team,,,T1,oe:team:ce499dea30cfce118f4fe85da0227e8,,Poppy,Kalista,Singed,Wukong,Vi,2155,0,6,9,14,6,9,0,0,0,0,1,,,,0.1671,0.4176,0,1,4,1,4,0,0,0,0,0,1,,0,0,0,1,1,0,0,1,1,3,9,0,0,4,0,0,1,46181,1285.7819,,2118.3202,1893.2715,116,3.2297,80,2.2274,47,233,6.4872,58257,34898,971.6381,,55720,-0.0836593,,946,231,,,32.7703,17041,19078,361,14808,18732,325,2233,346,36,1,2,0,0,0,1,25538,31036,565,22391,30011,533,3147,1025,32,2,4,0,0,0,2
ESPORTSTMNT06_2531479,complete,,LCK,2022,Summer,0,30/07/2022 12:26,2,12.13,100,Blue,team,,,T1,oe:team:ce499dea30cfce118f4fe85da0227e8,,Kalista,Skarner,Aphelios,Gwen,Sylas,1494,0,4,15,11,4,15,0,0,0,0,1,,,,0.1606,0.7631,0,1,2,1,2,0,0,0,1,0,0,,0,0,1,2,0,0,0,1,1,3,10,1,1,5,4,0,1,44615,1791.7671,,3161.004,2391.8072,77,3.0924,30,1.2048,29,142,5.7028,39500,22883,918.996,,35300,-0.241769,,603,115,,,28.8353,15575,18062,315,15692,18403,342,-117,-341,-27,1,2,1,1,2,1,24425,28220,488,25124,29725,549,-699,-1505,-61,2,4,2,2,3,2
ESPORTSTMNT06_2532067,complete,,LCK,2022,Summer,0,4/08/2022 10:35,1,12.13,100,Blue,team,,,T1,oe:team:ce499dea30cfce118f4fe85da0227e8,,Poppy,Kalista,Lulu,Trundle,Rakan,1944,1,17,2,35,17,2,3,0,0,0,1,,,,0.5247,0.5864,0,2,2,2,2,0,0,0,1,0,1,,0,0,1,2,0,1,1,0,1,11,0,1,1,3,1,2,0,65849,2032.3765,,2556.9753,2235.3704,117,3.6111,54,1.6667,41,260,8.0247,67435,46228,1426.7901,,61730,0.265737,,984,267,,,38.6111,15826,18259,340,14812,18146,328,1014,113,12,2,3,0,0,0,2,24851,29909,558,23021,29633,547,1830,276,11,3,3,0,0,0,3
ESPORTSTMNT06_2532090,complete,,LCK,2022,Summer,0,4/08/2022 12:10,2,12.13,200,Red,team,,,T1,oe:team:ce499dea30cfce118f4fe85da0227e8,,Yuumi,Lucian,Kalista,Leona,Rakan,1680,1,20,4,62,20,4,3,1,1,0,1,,,,0.7143,0.8571,0,3,1,3,1,0,2,0,0,0,1,,0,0,1,1,1,1,1,0,1,10,2,1,1,6,3,3,0,70435,2515.5357,,2670.3929,3151.4286,89,3.1786,31,1.1071,41,186,6.6429,58277,39763,1420.1071,,49910,0.171463,,703,226,,,33.1786,15462,17994,316,14847,18023,341,615,-29,-25,1,3,0,0,0,1,24779,29193,524,23421,29637,561,1358,-444,-37,1,3,0,0,0,1
ESPORTSTMNT06_2542204,complete,,LCK,2022,Summer,0,7/08/2022 7:14,1,12.13,200,Red,team,,,T1,oe:team:ce499dea30cfce118f4fe85da0227e8,,Taliyah,Yuumi,Poppy,Gwen,Akali,1743,1,16,9,38,16,9,2,2,1,0,1,,,,0.5508,0.8606,1,4,0,4,0,1,0,1,0,0,2,,0,0,0,1,1,1,1,0,0,10,1,1,1,1,5,1,0,64968,2236.42,,2393.7349,2303.8554,102,3.5112,38,1.3081,41,230,7.9174,58688,39531,1360.7917,,53563,0.178553,,800,230,,,35.4561,16413,19129,339,15011,18646,335,1402,483,4,2,3,1,1,0,2,25674,31170,565,24968,30349,547,706,821,18,3,4,4,4,8,3
ESPORTSTMNT06_2542219,complete,,LCK,2022,Summer,0,7/08/2022 8:39,2,12.13,200,Red,team,,,T1,oe:team:ce499dea30cfce118f4fe85da0227e8,,Taliyah,Poppy,Yuumi,Gnar,Leona,2043,0,2,21,2,2,21,0,0,0,0,0,,,,0.0587,0.6755,0,1,4,1,4,0,1,0,0,0,0,,0,0,1,2,0,0,0,2,0,4,11,0,0,3,2,0,3,73972,2172.4523,,3067.7827,2663.2599,108,3.1718,47,1.3803,42,225,6.6079,56040,33823,993.3333,,53200,-0.150771,,945,195,,,33.4802,15801,18714,343,15597,18561,313,204,153,30,1,2,2,2,1,1,24575,29759,543,24253,30195,505,322,-436,38,1,2,4,4,6,1
ESPORTSTMNT06_2542222,complete,,LCK,2022,Summer,0,7/08/2022 9:39,3,12.13,100,Blue,team,,,T1,oe:team:ce499dea30cfce118f4fe85da0227e8,,Poppy,Taliyah,Sylas,Gwen,Blitzcrank,2090,1,20,15,56,20,15,4,1,0,0,1,,,,0.5742,1.0048,1,4,1,4,1,0,1,3,0,0,0,,0,0,1,1,1,0,1,1,1,9,3,1,1,9,6,2,0,93093,2672.5263,,3637.6364,3368.8995,102,2.9282,64,1.8373,49,269,7.7225,67363,44667,1282.3062,,63580,0.0595214,,802,202,,,28.823,17342,19009,339,15140,17542,303,2202,1467,36,2,1,1,1,2,2,26635,29247,494,24481,28856,462,2154,391,32,6,8,5,5,9,6
ESPORTSTMNT04_2450715,complete,,LCK,2022,Summer,0,10/08/2022 11:12,1,12.14,200,Red,team,,,T1,oe:team:ce499dea30cfce118f4fe85da0227e8,,Poppy,Kalista,Yuumi,Ornn,Leona,1830,0,5,17,18,5,17,0,0,0,0,0,,,,0.1639,0.7213,0,0,3,0,3,0,0,0,0,0,0,,0,0,0,0,2,0,0,1,0,2,9,0,0,4,6,0,1,46410,1521.6393,,2610.4262,2289.9672,105,3.4426,37,1.2131,51,205,6.7213,49247,29203,957.4754,,48625,-0.0593664,,807,203,,,33.1148,14989,17414,327,15551,17841,329,-562,-427,-2,0,0,1,1,3,0,24095,28087,503,25618,29738,508,-1523,-1651,-5,2,8,6,6,17,2
ESPORTSTMNT04_2450722,complete,,LCK,2022,Summer,0,10/08/2022 12:15,2,12.14,100,Blue,team,,,T1,oe:team:ce499dea30cfce118f4fe85da0227e8,,Poppy,Sivir,Zeri,Sylas,Ornn,1427,0,8,21,13,8,21,0,0,0,0,0,,,,0.3364,1.2193,0,0,3,0,3,0,0,0,0,0,0,,0,0,1,2,0,0,0,1,0,2,8,1,0,5,6,0,1,52482,2206.6713,,3370.9741,2174.0855,64,2.691,28,1.1773,31,133,5.5922,38538,22605,950.4555,,36025,-0.175487,,573,116,,,28.9699,15267,18783,325,15393,18005,337,-126,778,-12,1,2,1,1,1,1,25093,29308,482,26073,29870,504,-980,-562,-22,5,10,6,6,14,5
ESPORTSTMNT04_2451162,complete,,LCK,2022,Summer,0,13/08/2022 11:04,1,12.14,100,Blue,team,,,T1,oe:team:ce499dea30cfce118f4fe85da0227e8,,Renata Glasc,Sylas,Amumu,Poppy,Gragas,1885,1,17,5,48,17,5,3,0,0,0,0,,,,0.5411,0.7003,0,4,1,4,1,3,0,1,0,0,0,,0,0,1,2,0,1,1,0,1,9,2,1,1,4,2,1,0,66203,2107.2573,,2934.2706,2740.9019,95,3.0239,50,1.5915,45,240,7.6393,61083,40478,1288.4244,,54730,0.138308,,830,239,,,34.0265,15960,19494,372,15517,18682,337,443,812,35,0,0,1,1,1,0,25240,30124,555,24378,30104,538,862,20,17,3,10,3,3,5,3
ESPORTSTMNT04_2451186,complete,,LCK,2022,Summer,0,13/08/2022 12:48,2,12.14,200,Red,team,,,T1,oe:team:ce499dea30cfce118f4fe85da0227e8,,Sivir,Poppy,Kalista,Leona,Gwen,1874,1,21,7,54,21,7,3,0,0,0,1,,,,0.6724,0.8965,1,4,1,4,1,2,0,0,1,0,1,,0,0,1,2,0,1,2,0,1,10,1,1,1,7,3,1,0,87362,2797.0758,,3227.9936,2929.0822,90,2.8815,47,1.5048,40,246,7.8762,64679,44186,1414.7065,,58010,0.159818,,731,200,,,29.8079,18456,19356,347,15235,18817,340,3221,539,7,2,4,0,0,0,2,26745,30691,560,23342,29456,531,3403,1235,29,2,4,1,1,3,2
ESPORTSTMNT04_2451769,complete,,LCK,2022,Summer,1,21/08/2022 7:42,1,12.14,100,Blue,team,,,T1,oe:team:ce499dea30cfce118f4fe85da0227e8,,Lucian,Renata Glasc,Kalista,Alistar,Nilah,1504,1,18,7,47,18,7,3,1,0,0,1,,,,0.7181,0.9973,0,1,2,1,2,1,0,0,0,0,0,,0,0,0,0,2,0,0,0,0,8,2,1,1,5,6,1,0,64990,2592.6862,,2749.4282,2526.1037,79,3.1516,45,1.7952,30,176,7.0213,48756,32037,1278.0718,,43630,0.140693,,629,149,,,31.0372,16569,18005,311,15992,17988,311,577,17,0,3,5,1,1,4,3,26408,29887,502,25009,29270,501,1399,617,1,5,8,2,2,5,5
ESPORTSTMNT04_2451770,complete,,LCK,2022,Summer,1,21/08/2022 8:33,2,12.14,200,Red,team,,,T1,oe:team:ce499dea30cfce118f4fe85da0227e8,,Renata Glasc,Sivir,Lucian,Taliyah,Trundle,1534,1,16,10,38,16,10,1,0,0,0,1,,,,0.6258,1.0169,0,1,1,1,1,1,0,0,0,0,0,,0,0,0,0,2,1,1,0,0,7,2,0,1,2,4,1,0,58913,2304.2894,,2948.0183,2042.1904,91,3.5593,40,1.5645,28,177,6.9231,50391,33366,1305.0587,,44943,0.0929761,,671,144,,,31.8774,16907,17112,276,16513,16948,291,394,164,-15,5,13,4,4,9,5,24714,26996,449,25046,26749,462,-332,247,-13,6,16,6,6,13,6
ESPORTSTMNT04_2451771,complete,,LCK,2022,Summer,1,21/08/2022 9:22,3,12.14,200,Red,team,,,T1,oe:team:ce499dea30cfce118f4fe85da0227e8,,Lucian,Sivir,Renata Glasc,Taliyah,Trundle,2297,0,8,15,22,8,15,1,1,0,0,1,,,,0.209,0.6008,0,1,4,1,4,0,0,0,1,0,0,,0,0,0,0,2,0,0,2,0,3,10,1,1,2,8,0,2,51987,1357.9539,,2679.0509,2315.603,139,3.6308,77,2.0113,51,315,8.2281,61334,36527,954.1228,,59825,-0.116934,,1036,192,,,32.0766,15012,17016,312,17094,19197,356,-2082,-2181,-44,1,2,2,2,5,1,23621,28775,515,26364,30488,573,-2743,-1713,-58,2,3,2,2,5,2
ESPORTSTMNT04_2451774,complete,,LCK,2022,Summer,1,21/08/2022 10:23,4,12.14,100,Blue,team,,,T1,oe:team:ce499dea30cfce118f4fe85da0227e8,,Renata Glasc,Lucian,Kalista,Xayah,Gwen,1969,0,6,18,10,6,18,1,0,0,0,1,,,,0.1828,0.7313,1,1,4,1,4,0,1,0,0,0,0,,0,0,0,1,1,1,2,0,0,4,7,1,1,3,4,0,1,40474,1233.3367,,2523.352,2555.4088,101,3.0777,53,1.615,43,242,7.3743,56038,34576,1053.611,,54875,0.0464292,,858,211,,,32.5749,15949,19409,328,15867,17122,281,82,2287,47,2,2,3,3,10,2,24245,30592,520,26278,30056,469,-2033,536,51,3,3,7,7,13,3
ESPORTSTMNT04_2451777,complete,,LCK,2022,Summer,1,21/08/2022 11:18,5,12.14,100,Blue,team,,,T1,oe:team:ce499dea30cfce118f4fe85da0227e8,,Renata Glasc,Lucian,Kalista,Nautilus,Yone,2572,1,10,2,30,10,2,2,1,0,0,1,,,,0.2333,0.2799,0,4,3,4,2,0,0,3,1,0,0,,0,1,1,1,1,1,2,0,0,9,3,0,0,2,3,1,0,52666,1228.6003,,1976.4075,2114.5568,177,4.1291,101,2.3561,61,364,8.4914,75954,48342,1127.7294,,72808,0.0862937,,1131,258,,,32.4028,14847,18114,313,15466,18839,321,-619,-725,-8,0,0,0,0,0,0,22728,27955,496,23582,29462,515,-854,-1507,-19,0,0,0,0,0,0
ESPORTSTMNT04_2451974,complete,,LCK,2022,Summer,1,28/08/2022 2:32,1,12.14,100,Blue,team,,,T1,oe:team:ce499dea30cfce118f4fe85da0227e8,,Poppy,Lucian,Yuumi,Morgana,Renekton,2294,0,8,19,18,8,19,0,0,0,0,1,,,,0.2092,0.7062,0,1,5,1,4,1,0,0,0,0,0,,0,1,1,2,0,0,1,2,0,3,10,1,0,4,2,0,2,71790,1877.6809,,3041.4821,2824.3679,110,2.8771,76,1.9878,50,277,7.245,63409,38632,1010.4272,,63075,-0.123815,,1027,210,,,32.354,15334,18710,352,15912,19467,381,-578,-757,-29,0,0,0,0,0,0,24729,31025,553,24773,30079,584,-44,946,-31,2,4,0,0,0,2
ESPORTSTMNT04_2472110,complete,,LCK,2022,Summer,1,28/08/2022 7:27,2,12.14,100,Blue,team,,,T1,oe:team:ce499dea30cfce118f4fe85da0227e8,,Poppy,Lucian,Azir,Vi,Wukong,1572,0,2,17,4,2,17,0,0,0,0,0,,,,0.0763,0.7252,0,0,4,0,4,0,0,0,0,0,0,,0,0,0,0,2,0,0,1,0,0,10,0,0,1,10,0,2,46330,1768.3206,,2659.6947,1710.3053,83,3.1679,38,1.4504,32,155,5.916,38822,21410,817.1756,,35943,-0.360975,,721,142,,,32.9389,15274,18616,339,17535,20407,333,-2261,-1791,6,0,0,4,4,6,0,22539,28792,515,28071,32724,540,-5532,-3932,-25,0,0,6,6,9,0
ESPORTSTMNT04_2472111,complete,,LCK,2022,Summer,1,28/08/2022 8:18,3,12.14,200,Red,team,,,T1,oe:team:ce499dea30cfce118f4fe85da0227e8,,Poppy,Kalista,Sejuani,Wukong,Skarner,2068,0,3,11,6,3,11,0,0,0,0,1,,,,0.087,0.4062,0,2,3,2,3,1,0,0,1,0,0,,0,0,1,2,0,1,1,1,0,5,8,1,0,5,5,0,1,51760,1501.7408,,2677.9787,2625.5803,99,2.8723,77,2.234,48,266,7.7176,56274,33802,980.7157,,56520,0.00826116,,900,223,,,32.5822,15673,17791,316,15981,18747,336,-308,-956,-20,1,1,1,1,1,1,25101,29682,525,25616,30213,550,-515,-531,-25,2,3,1,1,1,2
ESPORTSTMNT02_3045232,complete,,WCS,2022,,0,8/10/2022 1:07,1,12.18,100,Blue,team,,,T1,oe:team:ce499dea30cfce118f4fe85da0227e8,,LeBlanc,Maokai,Graves,Renekton,Jarvan IV,1371,1,18,6,51,18,6,4,1,0,0,0,,,,0.7877,1.0503,0,2,1,2,1,1,0,1,0,0,0,,0,0,0,1,1,0,0,1,1,8,0,1,1,5,4,1,0,55226,2416.8928,,2994.8796,2107.7462,67,2.9322,14,0.6127,28,126,5.5142,45553,30191,1321.2691,,39580,0.121825,,556,157,,,31.2035,15356,18377,327,14734,18843,315,622,-466,12,0,0,0,0,0,0,25348,30133,529,22416,28175,471,2932,1958,58,2,5,1,1,2,2
ESPORTSTMNT02_3045472,complete,,WCS,2022,,0,8/10/2022 22:46,1,12.18,200,Red,team,,,T1,oe:team:ce499dea30cfce118f4fe85da0227e8,,Maokai,Sejuani,Yuumi,Pyke,Kalista,1753,0,7,19,12,7,19,1,0,0,0,0,,,,0.2396,0.8899,1,2,2,2,2,0,0,1,1,0,0,,0,0,0,1,1,0,0,1,0,4,10,1,0,1,9,0,2,46118,1578.4826,,3127.8722,2177.3873,95,3.2516,28,0.9584,42,172,5.8871,45639,26380,902.9093,,44425,-0.163972,,701,144,,,28.9218,14927,17629,312,15641,17364,281,-714,265,31,1,2,2,2,4,1,23021,27938,484,25795,29077,472,-2774,-1139,12,2,3,4,4,5,2
ESPORTSTMNT02_3045877,complete,,WCS,2022,,0,9/10/2022 23:50,1,12.18,200,Red,team,,,T1,oe:team:ce499dea30cfce118f4fe85da0227e8,,Yuumi,Sejuani,Maokai,Renata Glasc,Tahm Kench,1500,1,18,3,40,18,3,3,2,2,0,1,,,,0.72,0.84,1,2,0,2,0,1,1,0,0,0,0,,0,0,1,2,0,1,1,0,1,11,0,1,1,8,1,3,0,52476,2099.04,,2416.28,2223.88,83,3.32,35,1.4,41,195,7.8,53769,37091,1483.64,,48285,0.320836,,716,170,,,35.44,15710,18787,352,14363,17821,316,1347,966,36,1,2,0,0,0,1,25606,30122,569,22002,28094,509,3604,2028,60,1,2,0,0,0,1
